-45.4901, 13.1501, 270
-45.4909, 13.1486, 269.901
-45.3409, 13.1401, 269.279
-44.6437, 13.1402, 268.261
-44.0245, 13.1454, 266.832
-42.6439, 13.3833, 264.617
-41.5104, 13.5742, 261.924
-39.5077, 14.0623, 259.145
-37.9464, 14.3597, 256.71
-35.4838, 14.9569, 254.614
-33.7132, 15.4449, 252.385
-31.3779, 16.1992, 249.146
-29.6844, 16.8239, 245.469
-27.734, 17.6375, 242.565
-26.5897, 18.0058, 236.728
-25.1451, 18.5241, 225.988
-23.4848, 19.2406, 214.617
-22.6721, 19.5415, 201.998
-21.2904, 20.4067, 189.526
-20.4633, 20.9705, 178.659
-19.6838, 21.8019, 169.798
-18.9513, 22.3601, 163.213
-18.2314, 23.3015, 158.182
-18.0954, 23.4986, 155.883
-17.5287, 23.8084, 156.155
-17.2253, 23.8545, 157.118
-16.8554, 23.5097, 156.247
-16.512, 23.1155, 154.456
-16.153, 22.3978, 153.876
-15.4545, 21.1513, 153.646
-14.8741, 20.0915, 153.632
-13.894, 18.2169, 153.712
-13.1799, 16.8821, 153.649
-12.1812, 14.7773, 153.371
-11.4473, 13.4044, 152.669
-10.6879, 12.0745, 149.011
-10.5904, 11.8672, 145.899
-10.6087, 11.8273, 143.631
-10.7942, 12.018, 142.72
-10.8615, 11.9731, 143.295
-10.8778, 11.9538, 143.335
-10.9271, 11.9266, 143.854
-11.0143, 11.9857, 144.694
-11.0983, 12.0994, 144.905
-11.1899, 12.1951, 144.62
-11.1932, 12.2001, 144.605
-11.1937, 12.2001, 144.631
-11.1933, 12.2001, 144.612
-11.1939, 12.2, 144.644
-11.1934, 12.2001, 144.613
-11.1946, 12.2, 144.683
-11.1937, 12.2001, 144.63
-11.194, 12.2, 144.652
-11.194, 12.2, 144.652
-11.1942, 12.2, 144.662
-11.1934, 12.2001, 144.617
-11.1943, 12.2, 144.666
-11.1938, 12.2, 144.64
-11.1939, 12.2, 144.642
-11.1939, 12.2, 144.642
-11.1939, 12.2, 144.645
-11.1938, 12.2, 144.638
-11.2326, 12.1723, 144.618
-11.1941, 12.2, 144.658
-11.1935, 12.2001, 144.619
-11.1941, 12.2, 144.655
-11.1939, 12.2, 144.644
-11.1938, 12.2, 144.638
-11.2133, 12.1862, 144.635
-11.194, 12.2, 144.649
-11.1935, 12.2001, 144.621
-11.3768, 12.5154, 143.818
-11.8358, 13.1093, 143.296
-12.3551, 13.8485, 143.055
-13.3464, 15.208, 142.583
-14.0489, 16.0863, 142.4
-15.4524, 17.9105, 142.492
-16.4254, 19.1797, 142.409
-17.921, 21.158, 141.732
-19.6209, 23.2087, 140.118
-20.7901, 24.533, 138.458
-22.4983, 26.5129, 136.736
-23.8292, 27.9222, 135.174
-25.8275, 29.9136, 133.88
-27.2386, 31.3331, 132.775
-29.5171, 33.4868, 131.544
-30.8969, 34.8673, 129.986
-33.16, 36.9611, 128.133
-34.5811, 38.1977, 125.376
-36.5508, 39.8698, 121.884
-38.7655, 41.2823, 119.279
-40.1506, 42.2247, 116.866
-42.2323, 43.5841, 114.738
-43.6461, 44.5554, 112.543
-45.7204, 45.6646, 109.215
-47.2049, 46.4971, 104.777
-49.0841, 47.2736, 98.3773
-50.4106, 47.9665, 92.3557
-52.1175, 48.4189, 88.1344
-54.1822, 48.9308, 84.5859
-55.2764, 49.1056, 82.3927
-57.1667, 49.4547, 80.4346
-58.2, 49.5006, 79.6926
-58.1405, 49.5771, 80.0722
-58.1357, 49.7815, 79.5169
-58.1056, 49.9295, 79.7692
-58.2453, 49.8788, 79.8545
-58.2898, 49.8924, 80.0336
-58.294, 49.916, 80.0381
-58.3299, 49.9065, 80.254
-58.5252, 49.8951, 80.4118
-58.5316, 49.893, 80.4749
-58.5248, 49.8926, 80.5759
-58.1315, 49.9942, 81.2417
-57.2072, 50.0809, 82.6489
-56.4324, 50.1682, 84.2668
-54.9043, 50.2978, 85.972
-53.7051, 50.3483, 87.2273
-51.4795, 50.4251, 88.7717
-49.2278, 50.4848, 91.0281
-47.3608, 50.5008, 92.4864
-44.5562, 50.3894, 94.0302
-42.5128, 50.2834, 95.7655
-39.4305, 50.0351, 97.1239
-37.1444, 49.7953, 98.5693
-33.7751, 49.4307, 100.306
-31.5723, 49.2514, 103.302
-29.9634, 48.4659, 110.778
-30.2936, 48.5331, 111.592
-30.1909, 48.4445, 109.934
-29.9847, 48.5199, 108.735
-29.8819, 48.4324, 107.325
-29.945, 48.31, 106.765
-29.9382, 48.3329, 106.772
-29.9462, 48.3089, 106.855
-29.9453, 48.3098, 106.783
-29.9458, 48.3093, 106.822
-29.9459, 48.3092, 106.83
-29.9455, 48.3096, 106.798
-29.9458, 48.3093, 106.822
-29.9457, 48.3094, 106.815
-29.9458, 48.3093, 106.825
-29.946, 48.3091, 106.841
-29.9457, 48.3094, 106.819
-29.9458, 48.3093, 106.822
-29.9458, 48.3093, 106.824
-29.9459, 48.3093, 106.828
-29.9459, 48.3093, 106.828
-29.9459, 48.3092, 106.828
-29.9459, 48.3092, 106.829
-29.9459, 48.3092, 106.83
-29.946, 48.3092, 106.836
-30.1373, 48.3513, 108.008
-30.3497, 48.3776, 111.04
-30.8567, 48.6982, 115.972
-31.048, 49.4246, 121.093
-31.7058, 49.9376, 126.337
-31.8907, 50.5339, 131.937
-31.9455, 50.709, 132.207
-32.3341, 51.3393, 129.035
-32.6924, 51.703, 123.601
-33.335, 52.18, 116.355
-33.8375, 52.5464, 107.893
-34.8231, 52.9196, 98.4566
-35.5378, 53.0983, 89.8377
-35.9509, 53.3195, 85.4575
-36.1593, 53.6107, 80.5938
-36.1305, 54.0249, 73.672
-35.8442, 54.4689, 69.463
-35.4433, 54.9492, 67.2833
-34.604, 55.3494, 66.4372
-33.7392, 55.7436, 65.7754
-32.3723, 56.4728, 65.5921
-31.2854, 57.0573, 67.2293
-29.9537, 57.7138, 70.7503
-29.0276, 58.262, 73.8704
-27.6836, 58.6744, 76.457
-26.2531, 59.2761, 79.321
-25.341, 59.6858, 81.6029
-23.8756, 60.0339, 83.7646
-22.8875, 60.2885, 85.6713
-21.3797, 60.6374, 87.5887
-20.3968, 60.886, 90.012
-18.9698, 61.059, 92.4759
-18.0835, 61.235, 94.6397
-16.5686, 61.3097, 96.0582
-15.6584, 61.2784, 96.4168
-14.1908, 61.0835, 97.5205
-12.8573, 60.922, 97.8047
-11.9459, 60.8325, 97.3031
-10.5948, 60.6564, 96.4959
-9.73438, 60.6332, 95.3155
-8.97214, 60.5273, 94.7346
-8.66075, 60.4804, 94.5814
-8.57225, 60.4729, 94.6055
-8.54922, 60.4946, 94.6383
-8.55151, 60.4959, 94.5657
-8.55171, 60.4956, 94.5877
-8.55171, 60.4956, 94.5875
-8.5489, 60.4951, 94.6039
-8.54879, 60.4953, 94.5923
-8.54875, 60.4953, 94.588
-8.54879, 60.4953, 94.5922
-8.54888, 60.4951, 94.6018
-8.5488, 60.4952, 94.5927
-8.54886, 60.4952, 94.5996
-8.55176, 60.4955, 94.5937
-8.55181, 60.4954, 94.5991
-8.54882, 60.4952, 94.5955
-8.54894, 60.495, 94.6078
-8.54884, 60.4952, 94.5977
-8.54882, 60.4952, 94.5953
-8.54886, 60.4951, 94.5998
-8.5489, 60.4951, 94.6037
-8.54884, 60.4952, 94.5976
-8.54893, 60.495, 94.6075
-8.54882, 60.4952, 94.595
-8.54889, 60.4951, 94.6022
-8.5518, 60.4954, 94.5979
-8.54895, 60.495, 94.6093
-8.55076, 60.4713, 94.5964
-8.55088, 60.4711, 94.6093
-8.55076, 60.4713, 94.5964
-8.55382, 60.4714, 94.6077
-8.55376, 60.4714, 94.6014
-8.55093, 60.471, 94.6147
-8.55081, 60.4712, 94.6024
-8.55092, 60.471, 94.6147
-8.55374, 60.4715, 94.6008
-8.55092, 60.471, 94.6149
-8.55082, 60.4712, 94.6046
-8.55093, 60.471, 94.6164
-8.55089, 60.4711, 94.6117
-8.55086, 60.4711, 94.6093
-8.55087, 60.4711, 94.61
-8.55385, 60.4713, 94.6125
-8.55085, 60.4711, 94.6081
-8.55383, 60.4713, 94.6107
-8.55087, 60.4711, 94.6106
-8.55379, 60.4714, 94.6057
-8.55382, 60.4713, 94.6096
-8.55079, 60.4712, 94.6013
-8.55085, 60.4711, 94.6081
-8.55083, 60.4711, 94.6062
-8.55089, 60.471, 94.612
-8.55089, 60.471, 94.6118
-8.5509, 60.471, 94.6137
-8.55086, 60.4711, 94.6091
-8.55088, 60.4711, 94.6116
-8.55082, 60.4711, 94.6053
-8.55092, 60.471, 94.6154
-8.55082, 60.4711, 94.6052
-8.55088, 60.4711, 94.6114
-8.55081, 60.4712, 94.6042
-8.55091, 60.471, 94.6145
-8.55377, 60.4714, 94.6041
-8.5509, 60.471, 94.6139
-8.55373, 60.4715, 94.6001
-8.55082, 60.4712, 94.6052
-8.55084, 60.4711, 94.6074
-8.55381, 60.4714, 94.6093
-8.55081, 60.4712, 94.6039
-8.55083, 60.4712, 94.6065
-8.55081, 60.4712, 94.6044
-8.5508, 60.4712, 94.603
-8.55086, 60.4711, 94.6098
-8.55381, 60.4714, 94.6088
-8.55371, 60.4715, 94.598
-8.55374, 60.4715, 94.6011
-8.5508, 60.4712, 94.6032
-8.55075, 60.4713, 94.5983
-8.55077, 60.4713, 94.5999
-8.55075, 60.4713, 94.5979
-8.5537, 60.4715, 94.5972
-8.55074, 60.4713, 94.5966
-8.55375, 60.4715, 94.6032
-8.5537, 60.4715, 94.5978
-8.55367, 60.4716, 94.5937
-8.5507, 60.4714, 94.5931
-8.55074, 60.4713, 94.597
-8.55063, 60.4715, 94.5853
-8.5537, 60.4715, 94.5978
-8.55362, 60.4716, 94.5896
-8.55062, 60.4715, 94.5853
-8.5506, 60.4715, 94.5831
-8.5507, 60.4713, 94.5941
-8.55059, 60.4715, 94.5818
-8.55365, 60.4716, 94.5932
-8.5506, 60.4715, 94.5834
-8.55367, 60.4716, 94.5951
-8.55062, 60.4715, 94.5848
-8.55067, 60.4714, 94.5909
-8.55065, 60.4714, 94.5884
-8.5506, 60.4715, 94.5834
-8.55066, 60.4714, 94.5896
-8.55067, 60.4714, 94.5907
-8.549, 60.4949, 94.6181
-8.54854, 60.4957, 94.5655
-8.55071, 60.4714, 94.5927
-8.55046, 60.4717, 94.5659
-8.55069, 60.4714, 94.5904
-8.55054, 60.4716, 94.5738
-8.55068, 60.4714, 94.5891
-8.55052, 60.4717, 94.5715
-8.55068, 60.4714, 94.5893
-8.55054, 60.4716, 94.5742
-8.55057, 60.4716, 94.5776
-8.55058, 60.4716, 94.5786
-8.55058, 60.4716, 94.5787
-8.5506, 60.4715, 94.5798
-8.5506, 60.4715, 94.5798
-8.55058, 60.4716, 94.5786
-8.55354, 60.4718, 94.5783
-8.55058, 60.4716, 94.5782
-8.55059, 60.4715, 94.5791
-8.55058, 60.4715, 94.5784
-8.55058, 60.4715, 94.5784
-8.55059, 60.4715, 94.5789
-8.55058, 60.4715, 94.5783
-8.55059, 60.4715, 94.5787
-8.55059, 60.4715, 94.5789
-8.55354, 60.4718, 94.5784
-8.55058, 60.4716, 94.578
-8.55058, 60.4716, 94.5778
-8.55058, 60.4716, 94.5778
-8.55354, 60.4718, 94.5784
-8.55058, 60.4716, 94.5781
-8.55058, 60.4716, 94.5781
-8.55057, 60.4716, 94.5775
-8.55058, 60.4716, 94.5779
-8.55058, 60.4716, 94.5777
-8.55058, 60.4716, 94.5784
-8.55058, 60.4716, 94.5777
-8.55058, 60.4716, 94.5783
-8.55058, 60.4716, 94.5779
-8.55058, 60.4716, 94.5781
-8.55058, 60.4716, 94.5776
-8.55058, 60.4716, 94.5779
-8.55058, 60.4716, 94.5777
-8.55058, 60.4716, 94.578
-8.55058, 60.4716, 94.5779
-8.55354, 60.4718, 94.5778
-8.55058, 60.4716, 94.5778
-8.55058, 60.4716, 94.5778
-8.55058, 60.4716, 94.5777
-8.55058, 60.4716, 94.5778
-8.55057, 60.4716, 94.5775
-8.55354, 60.4718, 94.5781
-8.55058, 60.4716, 94.5776
-8.55058, 60.4716, 94.5778
-8.55058, 60.4716, 94.5777
-8.55058, 60.4716, 94.5775
-8.55058, 60.4716, 94.578
-8.55058, 60.4716, 94.5779
-8.55354, 60.4718, 94.5777
-8.55058, 60.4716, 94.5777
-8.55058, 60.4716, 94.5776
-8.55058, 60.4716, 94.5774
-8.55354, 60.4718, 94.5774
-8.55058, 60.4716, 94.5775
-8.55058, 60.4716, 94.5774
-8.55057, 60.4716, 94.577
-8.55058, 60.4716, 94.5777
-8.55058, 60.4716, 94.5777
-8.55058, 60.4716, 94.5773
-8.55058, 60.4716, 94.5775
-8.55058, 60.4716, 94.5778
-8.55059, 60.4716, 94.578
-8.55059, 60.4716, 94.5781
-8.55058, 60.4716, 94.5777
-8.55058, 60.4716, 94.578
-8.55059, 60.4716, 94.5783
-8.55059, 60.4716, 94.5782
-8.55059, 60.4716, 94.5783
-8.55058, 60.4716, 94.5776
-8.55058, 60.4716, 94.5776
-8.55058, 60.4716, 94.5778
-8.55058, 60.4716, 94.5777
-8.55058, 60.4716, 94.5774
-8.55058, 60.4716, 94.5772
-8.55058, 60.4716, 94.5773
-8.55058, 60.4716, 94.5775
-8.55058, 60.4716, 94.5773
-8.55058, 60.4716, 94.5778
-8.55058, 60.4716, 94.5774
-8.55058, 60.4716, 94.5773
-8.55058, 60.4716, 94.5778
-8.55058, 60.4716, 94.5776
-8.55058, 60.4716, 94.5779
-8.55058, 60.4716, 94.5777
-8.55354, 60.4718, 94.5775
-8.55058, 60.4716, 94.5777
-8.55354, 60.4718, 94.5777
-8.55058, 60.4716, 94.5777
-8.55057, 60.4716, 94.577
-8.55354, 60.4718, 94.5777
-8.55058, 60.4716, 94.5779
-8.55058, 60.4716, 94.5776
-8.55057, 60.4716, 94.5775
-8.55353, 60.4718, 94.5776
-8.55058, 60.4716, 94.5777
-8.55353, 60.4718, 94.5773
-8.55057, 60.4716, 94.5775
-8.55057, 60.4716, 94.5776
-8.55058, 60.4716, 94.5779
-8.55057, 60.4716, 94.5774
-8.55058, 60.4716, 94.5777
-8.55057, 60.4716, 94.5771
-8.55058, 60.4716, 94.5775
-8.55058, 60.4716, 94.5775
-8.55057, 60.4716, 94.5771
-8.55057, 60.4716, 94.5771
-8.55058, 60.4716, 94.5777
-8.55057, 60.4716, 94.5773
-8.55057, 60.4716, 94.5772
-8.55058, 60.4716, 94.5778
-8.55353, 60.4718, 94.5775
-8.55057, 60.4716, 94.5773
-8.55058, 60.4716, 94.5775
-8.55353, 60.4718, 94.5772
-8.55057, 60.4716, 94.5772
-8.55057, 60.4716, 94.5774
-8.55057, 60.4716, 94.5773
-8.55057, 60.4716, 94.5769
-8.55058, 60.4716, 94.5776
-8.55058, 60.4716, 94.5773
-8.55058, 60.4716, 94.578
-8.55058, 60.4716, 94.5775
-8.55058, 60.4716, 94.5775
-8.55058, 60.4716, 94.5778
-8.55058, 60.4716, 94.5777
-8.55058, 60.4716, 94.5778
-8.55058, 60.4716, 94.5778
-8.55058, 60.4716, 94.5781
-8.55058, 60.4716, 94.5777
-8.55058, 60.4716, 94.5777
-8.55058, 60.4716, 94.5779
-8.55058, 60.4716, 94.5777
-8.55059, 60.4716, 94.5782
-8.55058, 60.4716, 94.5777
-8.55059, 60.4716, 94.5782
-8.55059, 60.4716, 94.5781
-8.55058, 60.4716, 94.5781
-8.55058, 60.4716, 94.5778
-8.55059, 60.4716, 94.5781
-8.55355, 60.4718, 94.5784
-8.55059, 60.4716, 94.5782
-8.55058, 60.4716, 94.578
-8.55058, 60.4716, 94.5779
-8.55059, 60.4716, 94.5782
-8.55058, 60.4716, 94.5781
-8.55058, 60.4716, 94.578
-8.55354, 60.4718, 94.5781
-8.55058, 60.4716, 94.5778
-8.55058, 60.4716, 94.5781
-8.55058, 60.4716, 94.578
-8.55058, 60.4716, 94.578
-8.55058, 60.4716, 94.5781
-8.55059, 60.4715, 94.5784
-8.55058, 60.4716, 94.5777
-8.55059, 60.4716, 94.5783
-8.55058, 60.4716, 94.5775
-8.55058, 60.4716, 94.5779
-8.55354, 60.4718, 94.5777
-8.55354, 60.4718, 94.578
-8.55058, 60.4716, 94.5776
-8.55059, 60.4715, 94.578
-8.55059, 60.4715, 94.5781
-8.55354, 60.4718, 94.578
-8.55058, 60.4715, 94.5779
-8.55059, 60.4715, 94.5781
-8.55058, 60.4715, 94.5778
-8.55058, 60.4715, 94.578
-8.55059, 60.4715, 94.5782
-8.55059, 60.4715, 94.5788
-8.55059, 60.4715, 94.5781
-8.55354, 60.4718, 94.5781
-8.55059, 60.4715, 94.5783
-8.55059, 60.4715, 94.578
-8.55059, 60.4715, 94.5782
-8.55059, 60.4715, 94.5783
-8.55059, 60.4715, 94.5784
-8.55059, 60.4715, 94.5785
-8.55059, 60.4715, 94.5782
-8.55059, 60.4715, 94.5785
-8.55059, 60.4715, 94.5782
-8.55059, 60.4715, 94.5783
-8.55059, 60.4715, 94.5784
-8.55059, 60.4715, 94.5785
-8.55354, 60.4718, 94.578
-8.55059, 60.4715, 94.5783
-8.55058, 60.4715, 94.578
-8.55058, 60.4715, 94.5781
-8.55058, 60.4715, 94.578
-8.55354, 60.4718, 94.578
-8.55059, 60.4715, 94.5784
-8.55058, 60.4715, 94.5783
-8.55058, 60.4715, 94.5783
-8.55058, 60.4715, 94.5782
-8.55058, 60.4715, 94.578
-8.55058, 60.4715, 94.5784
-8.55059, 60.4715, 94.5789
-8.55059, 60.4715, 94.5785
-8.55058, 60.4715, 94.5783
-8.55059, 60.4715, 94.5786
-8.55059, 60.4715, 94.5782
-8.55059, 60.4715, 94.5783
-8.55059, 60.4715, 94.5788
-8.55059, 60.4715, 94.5785
-8.55059, 60.4715, 94.5786
-8.55059, 60.4715, 94.5786
-8.55059, 60.4715, 94.5789
-8.55058, 60.4715, 94.5783
-8.55059, 60.4715, 94.5788
-8.55059, 60.4715, 94.5788
-8.55059, 60.4715, 94.5785
-8.55059, 60.4715, 94.5787
-8.55059, 60.4715, 94.5785
-8.55059, 60.4715, 94.5789
-8.55059, 60.4715, 94.5786
-8.55355, 60.4718, 94.5791
-8.55059, 60.4715, 94.5788
-8.55059, 60.4715, 94.5787
-8.55059, 60.4715, 94.5789
-8.55059, 60.4715, 94.5788
-8.55355, 60.4718, 94.5787
-8.55355, 60.4718, 94.5787
-8.55059, 60.4715, 94.5789
-8.55059, 60.4715, 94.5787
-8.55059, 60.4715, 94.5789
-8.55059, 60.4715, 94.5788
-8.55355, 60.4718, 94.5794
-8.55355, 60.4718, 94.5789
-8.55354, 60.4718, 94.5785
-8.55059, 60.4715, 94.5791
-8.55059, 60.4715, 94.579
-8.55059, 60.4715, 94.579
-8.55355, 60.4718, 94.5787
-8.55059, 60.4715, 94.5788
-8.55059, 60.4715, 94.5787
-8.55059, 60.4715, 94.579
-8.55059, 60.4715, 94.5787
-8.55059, 60.4715, 94.5791
-8.55059, 60.4715, 94.5792
-8.55355, 60.4718, 94.5789
-8.55059, 60.4715, 94.5785
-8.55059, 60.4715, 94.5787
-8.55059, 60.4715, 94.579
-8.5506, 60.4715, 94.5792
-8.5506, 60.4715, 94.5793
-8.55059, 60.4715, 94.5789
-8.5506, 60.4715, 94.5792
-8.5506, 60.4715, 94.5791
-8.5506, 60.4715, 94.5792
-8.5506, 60.4715, 94.5791
-8.55355, 60.4718, 94.5791
-8.5506, 60.4715, 94.5792
-8.55356, 60.4717, 94.5795
-8.5506, 60.4715, 94.5792
-8.55355, 60.4718, 94.5788
-8.5506, 60.4715, 94.579
-8.5506, 60.4715, 94.5794
-8.55059, 60.4715, 94.5789
-8.5506, 60.4715, 94.5794
-8.55355, 60.4718, 94.5791
-8.5506, 60.4715, 94.5795
-8.55059, 60.4715, 94.5791
-8.55059, 60.4715, 94.5791
-8.55059, 60.4715, 94.5793
-8.55059, 60.4715, 94.5789
-8.55059, 60.4715, 94.5789
-8.55355, 60.4717, 94.5794
-8.55059, 60.4715, 94.5791
-8.55059, 60.4715, 94.5791
-8.55059, 60.4715, 94.5793
-8.55059, 60.4715, 94.5792
-8.55059, 60.4715, 94.5793
-8.55059, 60.4715, 94.5795
-8.55059, 60.4715, 94.5795
-8.5506, 60.4715, 94.5798
-8.55059, 60.4715, 94.5797
-8.55059, 60.4715, 94.5794
-8.55059, 60.4715, 94.5793
-8.55059, 60.4715, 94.5796
-8.55059, 60.4715, 94.5796
-8.55059, 60.4715, 94.5791
-8.55059, 60.4715, 94.5794
-8.55059, 60.4715, 94.5797
-8.55059, 60.4715, 94.5796
-8.55059, 60.4715, 94.5795
-8.5506, 60.4715, 94.5799
-8.5506, 60.4715, 94.5799
-8.5506, 60.4715, 94.5799
-8.5506, 60.4715, 94.58
-8.5506, 60.4715, 94.5799
-8.55059, 60.4715, 94.5798
-8.55059, 60.4715, 94.5795
-8.5506, 60.4715, 94.5798
-8.55059, 60.4715, 94.5797
-8.55059, 60.4715, 94.5797
-8.5506, 60.4715, 94.58
-8.5506, 60.4715, 94.58
-8.5506, 60.4715, 94.5797
-8.5506, 60.4715, 94.5798
-8.55059, 60.4715, 94.5797
-8.5506, 60.4715, 94.5799
-8.5506, 60.4715, 94.5803
-8.55355, 60.4718, 94.5797
-8.5506, 60.4715, 94.5802
-8.5506, 60.4715, 94.58
-8.55061, 60.4715, 94.5809
-8.55372, 60.4715, 94.5969
-8.57514, 60.4732, 94.599
-8.99844, 60.5076, 94.5638
-9.36255, 60.5365, 94.5799
-10.0757, 60.5931, 94.6403
-11.0044, 60.6694, 94.5587
-11.6063, 60.7234, 93.975
-12.7208, 60.8054, 93.146
-13.4456, 60.8303, 92.1465
-14.6843, 60.8097, 91.0061
-15.5455, 60.81, 89.7672
-16.7873, 60.7623, 88.4648
-18.077, 60.7327, 86.9258
-19.0399, 60.6654, 85.6722
-20.3398, 60.5717, 84.4588
-21.2601, 60.4918, 83.1772
-22.6483, 60.3549, 81.6852
-23.5243, 60.2404, 79.9516
-24.8506, 60.0129, 77.8151
-25.739, 59.8895, 75.344
-27.2179, 59.5073, 72.6349
-28.2218, 59.2132, 69.6063
-29.815, 58.6557, 65.6421
-31.5985, 57.8413, 62.4039
-32.8261, 57.2939, 58.9288
-34.6577, 56.2342, 55.3078
-35.8811, 55.4662, 50.7783
-37.7471, 54.3181, 44.8551
-38.9072, 53.5969, 38.3268
-40.5441, 52.2374, 31.202
-41.8027, 51.3225, 23.505
-43.2113, 49.7808, 15.3523
-43.7748, 47.9366, 5.08009
-44.6911, 46.887, -3.91836
-44.9611, 44.8757, -13.0449
-45.2568, 43.529, -20.1925
-45.0556, 41.3334, -29.2949
-45.3212, 39.8838, -38.5267
-45.1254, 37.6419, -47.5218
-44.8502, 35.9782, -56.4134
-43.9403, 33.9213, -65.4769
-43.2539, 32.6572, -74.4364
-41.8396, 30.7501, -84.9216
-40.108, 29.6758, -94.0013
-39.1781, 28.3625, -103.609
-37.8579, 27.4997, -115.144
-37.0617, 26.3457, -126.827
-36.1174, 25.7047, -137.171
-35.4813, 25.1386, -144.08
-35.286, 24.0421, -148.682
-35.6145, 23.3918, -151.177
-36.2291, 22.2851, -151.783
-36.6454, 21.2079, -147.775
-36.5294, 20.4743, -140.85
-36.7549, 19.5087, -132.326
-36.7355, 18.7665, -124.227
-37.5446, 17.6527, -118.486
-37.8608, 16.9704, -114.687
-38.8214, 16.0686, -111.338
-39.2726, 15.5492, -108.172
-40.092, 14.9343, -105.769
-40.5031, 14.5575, -103.857
-40.8001, 14.3102, -102.586
-40.8229, 14.3094, -102.317
-40.631, 14.3514, -102.303
-40.2282, 14.4386, -102.364
-39.8293, 14.5265, -102.32
-39.1341, 14.6781, -102.338
-38.6204, 14.7858, -102.7
-37.7197, 15.0065, -103.537
-37.0683, 15.2012, -104.698
-36.0129, 15.4654, -106.565
-34.9485, 15.7902, -110.671
-34.281, 15.997, -115.106
-33.3358, 16.4063, -120.166
-32.7335, 16.6985, -125.539
-31.8615, 17.2794, -130.521
-31.1053, 17.642, -133.851
-30.1715, 18.2937, -135.779
-29.1147, 19.0776, -135.987
-28.1463, 19.9824, -134.853
-27.4785, 20.6644, -133.175
-26.4542, 21.5709, -131.048
-25.6516, 22.2267, -128.704
-24.5718, 23.0978, -126.229
-23.9868, 23.6704, -123.774
-22.7628, 24.5254, -121.302
-21.9778, 25.0808, -118.608
-20.795, 25.9672, -113.928
-19.4483, 26.7033, -109.371
-18.5593, 27.1346, -103.621
-17.1923, 27.6502, -97.5411
-16.3786, 28.1128, -92.1582
-15.0629, 28.5589, -87.8867
-14.3215, 28.8929, -84.9946
-13.6793, 29.0288, -82.8169
-13.6241, 29.1405, -81.3485
-13.8804, 29.239, -80.7727
-14.5257, 29.3974, -80.5557
-15.0169, 29.4548, -80.5569
-16.0275, 29.6232, -80.5416
-16.6945, 29.735, -80.51
-18.0747, 29.9683, -80.4115
-19.054, 30.1354, -80.3512
-20.8349, 30.4394, -80.3125
-22.0537, 30.6474, -80.3147
-23.9277, 30.9663, -80.3509
-25.2621, 31.2172, -80.3622
-27.3659, 31.5747, -80.3754
-29.4114, 31.9021, -81.0098
-30.9206, 32.1334, -82.2019
-32.6595, 32.3537, -85.3289
-33.7587, 32.5573, -89.4592
-35.2313, 32.8097, -92.1563
-35.9885, 33.028, -93.9356
-37.171, 33.0381, -96.2598
-38.3614, 33.0363, -97.8268
-38.9891, 33.0485, -98.883
-39.8596, 32.9718, -99.4602
-40.3646, 32.9045, -99.8389
-40.9396, 32.802, -99.9711
-41.1332, 32.7438, -99.9594
-41.2171, 32.8246, -100.084
-41.1827, 32.8063, -100.091
-40.9676, 32.8462, -99.9719
-40.7048, 32.8921, -99.9865
-40.4709, 32.9329, -100.02
-39.9043, 33.0334, -99.9881
-39.4336, 33.1415, -99.9211
-38.6132, 33.2651, -99.4124
-37.9484, 33.3854, -98.4156
-36.9837, 33.4886, -97.0375
-36.2759, 33.4926, -95.555
-35.2666, 33.5708, -94.6461
-34.2521, 33.6299, -94.3965
-33.4874, 33.6883, -94.4087
-32.4157, 33.7707, -94.4645
-31.6736, 33.8293, -94.4212
-30.5907, 33.917, -93.8017
-29.8535, 33.9785, -92.4846
-28.6798, 34.0109, -91.061
-28.011, 34.0073, -90.122
-26.8084, 34.011, -89.7594
-26.0214, 33.9836, -89.7364
-24.6727, 33.978, -89.6858
-23.0825, 33.9456, -89.5477
-21.7379, 33.914, -89.0454
-19.5493, 33.8506, -88.012
-18.177, 33.7748, -84.8277
-16.5521, 33.6474, -77.7532
-15.677, 33.5957, -69.5444
-14.2586, 33.2439, -64.7601
-13.1331, 32.7483, -62.0796
-10.9843, 31.5446, -61.0691
-8.78106, 30.3552, -62.3176
-7.33908, 29.6625, -66.6748
-5.04293, 28.6868, -74.2312
-4.22558, 28.401, -83.3523
-4.15094, 28.2478, -92.6652
-4.21657, 28.091, -102.366
-4.25011, 27.9755, -110.66
-4.24675, 27.8419, -117.219
-4.26004, 27.7818, -121.817
-4.25424, 27.9837, -123.654
-4.14465, 28.6033, -119.96
-4.22983, 28.6316, -117.27
-4.55229, 28.237, -116.651
-4.91954, 27.7783, -116.908
-5.14686, 27.5618, -116.544
-5.35063, 27.4517, -115.563
-5.46411, 27.438, -114.781
-5.54657, 27.4264, -114.783
-5.54943, 27.425, -114.788
-5.54666, 27.4249, -114.873
-5.46661, 27.4696, -114.405
-5.44632, 27.506, -111.128
-5.39264, 27.3381, -107.052
-5.41902, 26.9362, -105.171
-5.84482, 26.6373, -104.445
-6.20236, 26.4987, -104.305
-7.0393, 26.2836, -104.373
-7.68126, 26.1187, -104.384
-8.68709, 25.8621, -104.331
-8.89089, 25.8099, -104.34
-8.82092, 25.8331, -103.987
-8.47628, 25.8844, -102.758
-7.84996, 25.9797, -100.233
-7.12718, 25.9745, -96.2495
-6.20552, 25.9942, -93.6716
-4.69898, 25.9945, -92.4027
-3.50096, 25.9038, -91.6052
-1.34009, 25.7211, -90.5924
0.0996987, 25.5675, -90.2462
2.73675, 25.3853, -89.897
4.51096, 25.3132, -82.8639
6.19892, 25.0366, -79.836
7.01261, 24.8918, -79.3207
7.20126, 24.734, -79.3261
7.51891, 24.6794, -78.9253
7.52162, 24.6827, -78.6734
7.52509, 24.669, -77.9331
7.52526, 24.6518, -77.4582
7.52681, 24.628, -77.3844
7.63576, 24.6287, -77.3561
7.82266, 24.5883, -77.2389
7.91734, 24.5635, -77.4562
7.91632, 24.5623, -77.5461
7.91537, 24.5612, -77.6301
7.90941, 24.5604, -77.7662
7.85527, 24.5699, -77.9076
7.82752, 24.5747, -77.9786
7.82701, 24.5741, -78.0241
7.8269, 24.574, -78.0339
7.82714, 24.5743, -78.0124
7.82715, 24.5743, -78.0112
7.82723, 24.5744, -78.0045
7.85494, 24.5737, -77.6634
8.1457, 24.5205, -76.8312
8.3489, 24.4552, -76.2999
8.92541, 24.3117, -76.6255
9.11373, 24.2579, -77.2693
9.22267, 24.2246, -77.8287
9.04557, 24.2601, -77.9749
8.5019, 24.3727, -78.1481
8.03739, 24.4635, -78.4381
7.55332, 24.5744, -77.8192
7.28685, 24.6304, -77.9076
7.14306, 24.6571, -78.1546
7.07475, 24.6704, -78.2127
7.07034, 24.6714, -78.2108
7.07008, 24.6711, -78.2344
7.06994, 24.6709, -78.2465
7.06965, 24.6706, -78.2725
7.07008, 24.6711, -78.2343
7.06958, 24.6705, -78.2793
7.06985, 24.6708, -78.2549
7.0696, 24.6705, -78.2767
7.06973, 24.6707, -78.2654
7.06918, 24.67, -78.3153
7.06953, 24.6704, -78.2838
7.06954, 24.6704, -78.2829
7.06976, 24.6707, -78.2628
7.06932, 24.6702, -78.3025
7.0694, 24.6703, -78.2954
7.06907, 24.6699, -78.325
7.06868, 24.6694, -78.3601
7.20733, 24.6358, -78.7465
7.54965, 24.5719, -78.3836
8.33967, 24.4063, -78.708
8.86862, 24.2985, -78.9225
9.84356, 24.1088, -78.8222
10.3621, 24.0051, -78.8675
10.8574, 23.9043, -79.1673
11.1062, 23.8551, -79.2958
11.2068, 23.8355, -79.335
11.2154, 23.8335, -79.3604
11.2154, 23.8335, -79.3603
11.1732, 23.8414, -79.3658
11.1115, 23.8531, -79.3575
11.0074, 23.8727, -79.3559
10.9453, 23.8839, -79.3862
10.9151, 23.8895, -79.3875
10.8911, 23.8939, -79.3914
10.8459, 23.9026, -79.3765
10.7252, 23.9251, -79.3884
10.3485, 23.9985, -79.2365
9.64986, 24.1273, -79.437
8.98362, 24.2522, -79.41
7.78438, 24.4751, -79.4497
6.74303, 24.6698, -79.3828
5.20951, 24.9938, -78.0231
4.79553, 25.1508, -74.211
4.83832, 25.1996, -70.2762
4.842, 25.1975, -70.3216
4.81164, 25.1899, -71.4502
4.82955, 25.1935, -70.8441
4.83086, 25.1893, -71.0787
4.83244, 25.1888, -71.0713
4.83414, 25.1904, -70.9374
4.83472, 25.1909, -70.8922
4.83371, 25.19, -70.9716
4.83329, 25.1896, -71.0043
4.83414, 25.1904, -70.9378
4.83428, 25.1905, -70.9264
4.8337, 25.19, -70.9719
4.83385, 25.1901, -70.9606
4.83414, 25.1904, -70.9376
4.83407, 25.1903, -70.9431
4.83388, 25.1902, -70.9581
4.83403, 25.1903, -70.9458
4.83409, 25.1904, -70.9415
4.83399, 25.1903, -70.9492
4.83398, 25.1903, -70.9504
4.83398, 25.1903, -70.9504
4.83398, 25.1903, -70.9499
4.83399, 25.1903, -70.9493
4.83399, 25.1903, -70.9494
4.83399, 25.1903, -70.9494
4.83399, 25.1903, -70.9497
4.83398, 25.1903, -70.9499
4.83398, 25.1903, -70.9498
4.83398, 25.1903, -70.9505
4.83398, 25.1903, -70.9499
4.83398, 25.1903, -70.95
4.83399, 25.1903, -70.9496
4.83399, 25.1903, -70.9493
4.83397, 25.1902, -70.9507
4.83399, 25.1903, -70.9494
4.83399, 25.1903, -70.9494
4.83398, 25.1903, -70.9499
4.83399, 25.1903, -70.9496
4.83398, 25.1902, -70.9504
4.83398, 25.1903, -70.9502
4.83398, 25.1903, -70.9503
4.83399, 25.1903, -70.9494
4.83398, 25.1903, -70.9503
4.83438, 25.1906, -70.9186
4.83508, 25.1913, -70.8634
4.83476, 25.1982, -70.437
4.84644, 25.2015, -69.9763
4.83838, 25.198, -70.3733
4.83745, 25.1934, -70.6772
4.836, 25.1921, -70.7911
4.83793, 25.1938, -70.64
4.83819, 25.1941, -70.6194
4.83547, 25.1916, -70.8327
4.8351, 25.1913, -70.8615
4.83588, 25.192, -70.8003
4.83527, 25.1914, -70.8483
4.83224, 25.1886, -71.0871
4.8294, 25.1898, -71.0765
4.8275, 25.188, -71.2259
4.82658, 25.1834, -71.5352
4.82327, 25.1803, -71.7985
4.82147, 25.1785, -71.9424
4.82374, 25.1807, -71.7608
4.82532, 25.1822, -71.6352
4.82505, 25.1857, -71.42
4.83237, 25.1887, -71.0768
4.83156, 25.1918, -70.9063
4.83428, 25.1905, -70.9264
4.83444, 25.1906, -70.9139
4.85143, 25.2371, -70.818
4.93269, 25.2037, -71.1461
4.91605, 25.2065, -71.3256
4.90905, 25.1843, -71.2724
4.90175, 25.162, -71.2401
4.90064, 25.161, -71.3284
4.90205, 25.1623, -71.2168
4.90266, 25.1628, -71.1688
4.90442, 25.1645, -71.0294
4.90317, 25.1633, -71.1283
4.90421, 25.1643, -71.0462
4.90506, 25.165, -70.9795
4.90416, 25.1642, -71.0503
4.90403, 25.1641, -71.0608
4.90401, 25.1641, -71.0619
4.90421, 25.1643, -71.046
4.91107, 25.1705, -70.508
4.91305, 25.1723, -70.3533
4.91144, 25.1709, -70.4794
4.91173, 25.1711, -70.4568
4.90897, 25.1686, -70.6723
4.91463, 25.1892, -70.8508
5.04549, 25.169, -70.8645
5.11175, 25.1455, -70.8927
5.11495, 25.1447, -70.8749
5.11501, 25.1448, -70.8696
5.11494, 25.1447, -70.8755
5.11492, 25.1447, -70.8769
5.11364, 25.1435, -70.9776
5.09784, 25.1209, -71.1424
4.9855, 25.1623, -70.9652
4.97811, 25.1628, -71.0927
4.98095, 25.1654, -70.8665
4.98379, 25.1645, -70.8639
5.13451, 25.112, -70.8749
5.41695, 25.014, -70.8787
5.59284, 24.9502, -71.0725
5.77007, 24.888, -71.1757
5.8637, 24.8798, -71.2814
5.90507, 24.8843, -71.7107
6.03516, 24.8546, -72.5145
6.06113, 24.9237, -73.9897
6.2046, 24.9244, -74.5623
6.29339, 24.9578, -74.0299
6.28263, 24.9103, -74.0744
6.29058, 24.9347, -73.9618
6.29074, 24.9349, -73.9487
6.29031, 24.9105, -73.9202
6.38481, 24.9315, -74.0301
6.63304, 24.8766, -74.6834
6.86238, 24.8754, -75.6575
7.02794, 24.8834, -75.6024
7.05218, 24.853, -75.5621
7.05733, 24.8507, -75.6258
7.05738, 24.8508, -75.6221
7.0574, 24.8508, -75.62
7.05723, 24.8506, -75.635
7.05718, 24.8505, -75.6389
7.03832, 24.8559, -75.6036
6.81661, 24.9166, -75.3884
6.38491, 25.041, -74.7845
6.02192, 25.1567, -73.8813
5.51444, 25.3266, -72.7279
5.49473, 25.3433, -72.0713
5.49655, 25.3412, -72.1658
5.49398, 25.3387, -72.3721
5.49585, 25.3405, -72.2214
5.50165, 25.346, -71.7574
5.50177, 25.3461, -71.748
5.60687, 25.2851, -71.827
5.89391, 25.214, -71.9819
6.15722, 25.1222, -72.4029
6.17645, 25.1418, -72.3753
6.15906, 25.1493, -72.25
6.10689, 25.1415, -72.2072
6.11076, 25.1647, -72.2573
6.11073, 25.1647, -72.2593
6.1109, 25.1649, -72.2458
6.11084, 25.1648, -72.2508
6.11077, 25.1647, -72.256
6.11084, 25.1648, -72.2507
6.11087, 25.1648, -72.2485
6.11087, 25.1648, -72.2483
6.11086, 25.1648, -72.2487
6.11088, 25.1648, -72.2475
6.11086, 25.1648, -72.2487
6.11088, 25.1648, -72.2471
6.11086, 25.1648, -72.249
6.11088, 25.1648, -72.2476
6.11086, 25.1648, -72.2488
6.11085, 25.1648, -72.2499
6.11087, 25.1648, -72.2486
6.11087, 25.1648, -72.2485
6.11081, 25.1648, -72.2534
6.10352, 25.1652, -72.3712
6.03282, 25.189, -72.2921
5.98796, 25.2038, -72.2636
5.98882, 25.2046, -72.1945
6.10523, 25.1667, -72.2274
6.16414, 25.1467, -72.3034
6.16444, 25.1469, -72.2793
6.16171, 25.1482, -72.2586
6.15583, 25.15, -72.2628
6.15568, 25.1498, -72.2754
6.15577, 25.1499, -72.2675
6.15581, 25.1499, -72.2646
6.15572, 25.1499, -72.2719
6.15573, 25.1499, -72.2711
6.15534, 25.1495, -72.3021
6.48436, 25.0849, -73.0179
6.77716, 25.0285, -74.3805
7.42845, 24.8873, -75.3258
7.9435, 24.8452, -76.0254
8.28294, 24.7626, -75.8863
8.33082, 24.753, -75.7316
8.32548, 24.7551, -75.6818
8.30095, 24.7602, -75.7546
8.28053, 24.7659, -75.7215
8.28015, 24.7655, -75.7544
8.28005, 24.7654, -75.7625
8.18535, 24.788, -75.8446
7.99965, 24.833, -75.9452
7.93835, 24.8728, -75.9658
7.93823, 24.8727, -75.9763
7.9385, 24.873, -75.9529
7.93823, 24.8727, -75.9758
7.93843, 24.8729, -75.959
7.93721, 24.8715, -76.0639
7.94303, 24.8949, -76.0611
7.81731, 24.9067, -75.7483
7.75468, 24.9223, -75.7669
7.75464, 24.9223, -75.7703
7.72692, 24.9509, -75.9676
7.32465, 25.0481, -76.1175
6.84183, 25.1803, -75.4311
6.05321, 25.4313, -73.4092
5.6553, 25.5919, -71.2363
5.65232, 25.5817, -71.9332
5.64186, 25.5716, -72.7755
5.64374, 25.5734, -72.6227
5.64144, 25.5787, -72.3384
5.6521, 25.5721, -72.5382
6.49194, 25.306, -73.2277
7.06666, 25.0986, -74.0598
8.35024, 24.8984, -75.9795
8.84202, 24.7619, -77.3837
9.80958, 24.6443, -77.4814
10.6047, 24.4429, -77.4001
11.0655, 24.3637, -77.4878
11.6473, 24.2337, -77.5675
12.0237, 24.1494, -77.6738
12.3144, 24.084, -77.8129
12.484, 24.0457, -77.9327
12.4909, 24.0433, -77.9901
12.491, 24.0435, -77.9799
12.4914, 24.0439, -77.9453
12.4238, 24.0517, -78.3591
11.9658, 24.1412, -78.5827
11.2997, 24.281, -78.3359
10.5525, 24.4452, -77.8941
9.16204, 24.694, -77.9506
7.72869, 24.9733, -77.9208
5.75402, 25.4781, -74.2735
5.23702, 25.8031, -67.9666
5.25893, 25.8259, -66.0174
5.2236, 25.7955, -70.2938
5.20776, 25.7655, -70.929
5.21891, 25.7868, -69.3623
5.2603, 25.8449, -67.9622
6.33781, 25.5565, -68.7182
6.86394, 25.3369, -70.1347
8.04177, 25.0986, -72.2322
8.85281, 24.8929, -74.7485
9.86569, 24.5785, -77.0973
10.4388, 24.4511, -78.9863
11.2255, 24.2807, -81.0277
11.6462, 24.1895, -83.1211
11.9448, 24.1393, -84.2678
12.1165, 24.1189, -84.4998
12.1518, 24.1361, -84.7297
12.1717, 24.1091, -84.8022
12.1904, 24.108, -84.7642
12.1908, 24.1085, -84.7285
12.191, 24.1088, -84.7092
12.1911, 24.1089, -84.6976
12.1932, 24.1121, -84.4786
12.2049, 24.1247, -83.5722
11.6781, 24.2249, -81.6741
11.2762, 24.3643, -78.6227
10.8135, 24.5405, -75.6761
10.7451, 24.4946, -75.0122
10.7341, 24.4852, -75.798
10.7237, 24.4737, -76.6971
10.7269, 24.4731, -76.6816
10.6341, 24.5203, -75.2172
10.3955, 24.5623, -72.1941
10.2394, 24.6393, -69.1296
10.3956, 24.5692, -69.8101
11.0083, 24.3663, -72.4228
11.4884, 24.2912, -74.6126
12.2108, 24.026, -76.6529
12.4066, 23.9452, -79.0922
12.8353, 23.8335, -81.5525
12.9535, 23.7985, -82.7871
13.1269, 23.7612, -83.885
13.1904, 23.7465, -84.4296
13.2017, 23.7489, -84.2
13.2106, 23.7475, -84.2318
13.2119, 23.7471, -84.251
13.2118, 23.7468, -84.2691
13.2112, 23.7459, -84.3309
13.2102, 23.7444, -84.4357
13.213, 23.7486, -84.146
13.3227, 23.7545, -82.8884
13.6466, 23.7168, -82.6044
14.2556, 23.637, -82.7092
14.9707, 23.5513, -82.0729
15.4301, 23.5084, -80.3487
16.2809, 23.2527, -78.6487
16.6965, 23.1624, -77.1164
17.3128, 23.0359, -75.6588
17.3856, 22.8823, -74.7386
17.61, 22.6241, -76.4984
17.6161, 22.5629, -78.7578
17.6279, 22.3817, -80.8945
17.6068, 21.9611, -83.241
17.7012, 21.8055, -86.5224
17.7251, 21.5808, -88.5885
17.7447, 21.3695, -89.85
17.7867, 21.2209, -90.1533
17.7815, 21.114, -90.8683
17.6545, 21.0529, -91.5437
17.6005, 20.9968, -91.9674
17.4411, 20.9848, -92.36
17.3771, 20.9764, -92.729
17.3187, 20.92, -93.0837
17.2658, 20.9053, -93.8294
17.2318, 20.8953, -94.3256
17.1983, 20.8864, -94.7372
17.1746, 20.9267, -95.1175
17.1446, 20.9219, -95.2597
17.1412, 20.9206, -95.3213
17.141, 20.9201, -95.3506
17.1024, 20.9156, -95.4116
17.0899, 20.9141, -95.4308
17.0884, 20.9135, -95.4581
17.088, 20.9126, -95.5154
17.0601, 20.9092, -95.5632
17.0568, 20.9081, -95.6112
17.0498, 20.9313, -95.6275
17.0487, 20.9063, -95.676
17.0024, 20.9007, -95.7411
16.9961, 20.8995, -95.7777
16.9937, 20.9234, -95.7781
16.9935, 20.9228, -95.8131
16.9809, 20.9205, -95.8818
16.9649, 20.8945, -95.8928
16.9649, 20.8945, -95.8931
16.9328, 20.914, -95.9764
16.8923, 20.8848, -96.0343
16.7671, 20.871, -96.0659
16.5149, 20.8431, -96.127
16.4239, 20.8306, -96.3003
16.3508, 20.8188, -96.5312
16.2817, 20.8329, -96.6654
16.241, 20.8258, -96.8195
16.216, 20.7975, -96.8913
16.2008, 20.8193, -96.9244
16.1993, 20.8193, -96.9171
16.1992, 20.8189, -96.941
16.1621, 20.8131, -97.0203
16.1417, 20.8089, -97.132
16.1278, 20.8067, -97.1607
16.128, 20.8072, -97.1314
16.1168, 20.8047, -97.2006
16.1168, 20.7804, -97.2092
16.1013, 20.7778, -97.2477
16.0982, 20.8014, -97.2586
16.0953, 20.7771, -97.2467
16.0809, 20.7981, -97.3347
16.0516, 20.769, -97.4039
16.0257, 20.7654, -97.4192
16.0225, 20.7889, -97.4391
16.0239, 20.7647, -97.4533
16.0239, 20.7645, -97.4624
16.0208, 20.7637, -97.4863
16.0148, 20.7632, -97.4691
16.0069, 20.7614, -97.5189
16.0066, 20.7605, -97.5766
16.0065, 20.7602, -97.5932
15.9999, 20.7586, -97.6422
15.9025, 20.7451, -97.6697
15.4196, 20.6762, -97.8624
15.0646, 20.5735, -98.1399
14.122, 20.4327, -98.3845
13.4959, 20.3433, -98.2485
12.4749, 20.1923, -98.3792
11.7321, 20.0788, -98.5608
10.5043, 19.9308, -99.0629
9.624, 19.7827, -99.4089
9.41594, 19.7412, -99.8367
9.44112, 19.7359, -100.481
9.70091, 19.7855, -100.409
10.2896, 19.8983, -99.8982
10.7994, 19.9884, -99.8054
11.558, 20.1214, -99.5889
12.0096, 20.225, -99.3172
12.9322, 20.3774, -99.2009
13.7158, 20.5085, -98.6692
14.379, 20.5864, -98.4593
14.9762, 20.6967, -98.6947
15.2081, 20.7285, -98.9715
15.3999, 20.7573, -99.0784
15.444, 20.7649, -99.0446
15.4965, 20.7982, -99.0012
15.4997, 20.7728, -99.1021
15.4929, 20.7696, -99.2388
15.4591, 20.7627, -99.3334
15.4186, 20.7797, -99.3764
15.4197, 20.7562, -99.3303
15.4181, 20.7559, -99.3363
15.4152, 20.7555, -99.3326
15.4088, 20.7533, -99.4028
15.384, 20.7477, -99.5002
15.3668, 20.7436, -99.5817
15.3392, 20.7377, -99.6558
15.3116, 20.7319, -99.727
15.1184, 20.7104, -99.0808
14.6502, 20.6316, -98.0618
14.0259, 20.5582, -97.4427
12.897, 20.3992, -97.847
11.8077, 20.274, -97.7726
9.32331, 19.9133, -97.6763
7.5199, 19.6948, -96.7884
4.83566, 19.3935, -95.1568
3.00743, 19.3071, -94.2899
-0.110794, 19.123, -94.2941
-2.2286, 18.9575, -94.4463
-5.69515, 18.6999, -94.0978
-9.50136, 18.5294, -92.2236
-11.4068, 18.5511, -87.2027
-14.3309, 18.5012, -77.5295
-15.8498, 17.9849, -64.1149
-17.7057, 17.8055, -48.6025
-18.8841, 17.6467, -32.1058
-20.5535, 17.6413, -14.8904
-22.6494, 18.1724, 4.10859
-23.7748, 18.845, 17.7093
-24.4417, 19.8262, 27.3126
-23.9827, 20.5009, 37.0247
-24.1899, 22.0786, 44.2654
-24.7394, 23.1591, 48.3815
-25.1828, 23.846, 50.429
-25.8797, 24.2001, 52.6511
-26.8159, 23.8858, 55.386
-27.646, 23.7384, 59.2405
-28.6386, 23.3062, 64.8428
-30.0656, 22.8687, 69.8701
-31.3437, 22.344, 72.5954
-33.1352, 21.8122, 74.1711
-33.754, 21.6437, 73.8102
-34.0142, 21.7349, 70.5644
-34.4439, 21.6992, 65.4336
-34.4501, 21.8093, 60.4791
-34.3924, 21.9395, 56.7391
-34.2573, 22.3387, 53.3145
-33.2897, 23.2674, 49.649
-32.4215, 24.2372, 41.5058
-31.7396, 25.4366, 31.3768
-31.3365, 26.0652, 18.5707
-30.3815, 26.6743, 3.9265
-29.4445, 27.1871, -10.1805
-28.619, 27.7474, -22.0575
-27.9109, 28.2051, -31.6074
-27.3921, 28.6912, -38.8408
-27.0947, 29.1719, -42.778
-27.0091, 29.5869, -45.0215
-27.1717, 29.9703, -46.8647
-27.2882, 30.0573, -47.8448
-27.4652, 30.2396, -48.2716
-27.4767, 30.3787, -48.2598
-27.569, 30.4616, -48.2396
-27.6037, 30.457, -48.4039
-27.3855, 30.2958, -48.3768
-27.0531, 29.9668, -48.4907
-26.1249, 29.1096, -48.7935
-25.3451, 28.4221, -49.6029
-24.1347, 27.1721, -49.8298
-22.5118, 25.8334, -49.93
-21.5513, 24.9682, -52.0028
-20.3509, 23.9986, -59.3603
-19.7723, 23.5195, -69.7337
-18.9617, 23.047, -79.4115
-18.6467, 22.5365, -86.5692
-18.0635, 22.4715, -92.2912
-17.749, 22.4014, -97.0235
-17.2925, 22.1045, -100.342
-16.9282, 21.9105, -101.771
-16.8525, 21.8626, -99.5009
-16.7427, 21.7316, -94.8125
-16.6904, 21.5722, -89.638
-16.9942, 21.6114, -86.4956
-17.6748, 21.6897, -84.8602
-19.3551, 21.8902, -84.0776
-20.7708, 22.0593, -83.2439
-23.0249, 22.3335, -81.6255
-24.7885, 22.5784, -78.7599
-26.974, 23.0237, -71.1789
-29.0658, 23.2544, -60.8483
-30.4408, 22.9879, -47.3658
-32.2591, 23.0075, -32.3733
-33.75, 23.0351, -16.603
-35.1867, 23.4835, -0.246201
-36.4837, 24.0458, 15.7346
-37.4774, 25.1935, 29.7452
-38.4135, 26.3893, 42.3477
-37.9734, 27.7881, 53.1652
-37.6424, 28.8731, 64.2477
-37.0792, 29.7105, 71.3052
-36.7672, 30.9971, 76.0644
-36.8899, 31.8736, 79.6447
-37.4225, 32.5485, 82.8443
-38.2503, 32.8906, 84.9005
-39.2286, 32.8517, 81.9055
-39.9133, 33.0268, 74.3853
-40.7729, 32.9552, 65.8726
-41.1418, 33.1463, 59.4243
-41.7368, 33.32, 53.6872
-41.9199, 33.5708, 50.6341
-41.8161, 33.8831, 48.8544
-41.3568, 34.4943, 47.1776
-40.5156, 35.42, 45.846
-39.3957, 36.6146, 44.955
-38.2415, 37.7624, 44.3531
-36.3412, 39.7637, 43.9819
-35.0734, 41.1385, 44.1933
-32.9398, 43.2539, 45.0707
-31.1823, 45.0784, 50.1153
-30.5476, 46.2389, 57.7966
-28.9248, 47.1741, 65.5183
-28.3928, 48.104, 71.7318
-27.6357, 49.2288, 77.3936
-27.2536, 49.9777, 84.6433
-26.8199, 50.8066, 94.6804
-26.5512, 51.5525, 104.709
-26.0142, 51.7176, 106.319
-25.6521, 51.7667, 103.355
-25.721, 51.4376, 101.797
-26.1414, 51.4904, 100.371
-26.7854, 51.4935, 99.5999
-28.1508, 51.6522, 99.0729
-29.2077, 51.7732, 98.8582
-30.5359, 51.9071, 98.8438
-31.4404, 51.9747, 98.9255
-32.4769, 52.1373, 98.918
-33.223, 52.2541, 98.9763
-34.1872, 52.3823, 98.9463
-35.0034, 52.4627, 98.9069
-35.5062, 52.5181, 98.8177
-36.1184, 52.6133, 98.7928
-36.4406, 52.6388, 98.8016
-36.8598, 52.6829, 98.5218
-37.0562, 52.6898, 98.3861
-37.2377, 52.6937, 98.2866
-37.3043, 52.68, 98.2323
-37.3163, 52.6819, 98.2196
-37.3182, 52.6816, 98.2579
-37.3197, 52.6796, 98.4025
-37.3128, 52.6641, 99.3374
-37.2515, 52.5691, 100.082
-37.2709, 52.4696, 100.434
-37.2718, 52.4481, 100.261
-37.2711, 52.4489, 100.197
-37.2715, 52.4485, 100.229
-37.2713, 52.4487, 100.212
-37.2715, 52.4485, 100.227
-37.2715, 52.4485, 100.229
-37.272, 52.4479, 100.274
-37.2291, 52.4388, 100.355
-36.6163, 52.3519, 100.33
-35.9916, 52.2628, 100.31
-34.3639, 52.0183, 100.218
-32.9283, 51.7845, 100.208
-30.5082, 51.4201, 100.258
-28.5605, 51.0904, 100.314
-25.4485, 50.5942, 100.355
-23.1615, 50.2074, 100.172
-19.5801, 49.6191, 100.016
-15.8515, 48.9485, 100.466
-13.2337, 48.4814, 101.322
-9.51197, 47.6986, 102.038
-6.76809, 47.1648, 102.43
-3.62493, 46.4769, 103.292
-3.33159, 46.3558, 106.326
-3.40267, 46.3086, 109.156
-3.42111, 46.1713, 111.691
-3.41176, 46.2412, 110.331
-3.36159, 46.3006, 105.582
-3.36944, 46.2869, 106.592
-3.40212, 46.2557, 109.212
-3.42886, 46.2339, 111.165
-3.43284, 46.2269, 111.689
-3.42914, 46.2337, 111.186
-3.97596, 46.4988, 110.957
-4.56102, 46.7767, 110.757
-5.16788, 47.0624, 110.339
-5.73925, 47.3009, 110.194
-6.08433, 47.5046, 110.186
-6.44036, 47.6349, 110.232
-6.70333, 47.7324, 110.19
-6.94333, 47.8212, 110.151
-6.99529, 47.8401, 110.165
-7.10956, 47.8813, 110.211
-7.11119, 47.8817, 110.223
-7.11066, 47.8822, 110.182
-7.11095, 47.882, 110.204
-7.10802, 47.8811, 110.192
-7.10502, 47.88, 110.189
-7.09386, 47.8755, 110.212
-7.0415, 47.8568, 110.179
-7.03023, 47.8524, 110.194
-7.40236, 47.9108, 110.342
-8.46247, 48.3034, 110.513
-9.55329, 48.6856, 110.575
-11.5448, 49.3634, 109.496
-12.6825, 49.4016, 106.102
-14.1594, 49.6802, 104.143
-15.2034, 49.6591, 102.282
-16.4633, 49.9361, 100.961
-17.3495, 49.973, 99.651
-18.3613, 50.1026, 98.4086
-18.9804, 50.128, 97.7
-19.828, 50.1518, 96.9553
-20.5809, 50.2705, 96.6684
-20.9571, 50.2676, 96.5442
-21.5001, 50.3574, 96.2248
-21.802, 50.3675, 96.1149
-22.3308, 50.4512, 95.8463
-22.6795, 50.465, 95.6637
-23.2032, 50.4955, 95.4205
-23.4393, 50.4955, 95.2866
-23.8017, 50.5073, 95.0976
-23.7299, 50.4727, 95.3467
-23.5142, 50.4477, 95.6272
-22.6705, 50.3596, 95.8114
-21.8687, 50.2847, 95.4519
-20.3741, 50.174, 95.2854
-19.1701, 50.0738, 95.746
-16.7508, 49.825, 95.87
-14.8164, 49.6763, 95.7913
-11.8044, 49.3686, 95.8426
-9.4717, 49.1324, 95.7469
-5.97712, 48.7847, 95.6768
-2.95017, 48.5141, 95.5002
-0.733218, 48.3203, 94.9783
1.95517, 48.092, 94.8339
3.65619, 47.9835, 94.4652
4.50143, 47.929, 93.8753
4.48843, 47.9121, 93.4601
4.50039, 47.9431, 92.9563
4.50429, 47.9496, 92.5187
4.51249, 47.9607, 91.7623
4.51886, 47.9719, 91.0182
4.52266, 47.9787, 90.5674
4.52578, 47.9844, 90.1917
4.53256, 47.997, 89.3588
4.53725, 48.0153, 88.1644
4.55134, 48.0348, 86.9206
4.55828, 48.0498, 85.9631
4.5645, 48.0639, 85.0727
4.57016, 48.0772, 84.2352
4.56674, 48.0904, 83.3474
4.58403, 48.1286, 81.0084
4.28396, 48.0941, 77.4064
3.87809, 48.3676, 73.9315
3.88489, 48.6278, 70.3673
3.75576, 48.8326, 67.3221
2.65213, 48.6353, 66.5368
2.2701, 48.56, 67.5506
1.92828, 48.5393, 69.9679
1.82521, 48.5294, 71.5485
1.71597, 48.5126, 71.9224
1.68728, 48.4984, 72.2294
1.68681, 48.4958, 72.3783
1.68641, 48.4937, 72.5013
1.6847, 48.4914, 72.6171
1.6766, 48.5092, 72.9155
1.67387, 48.496, 73.6982
1.66542, 48.5108, 74.1857
1.66536, 48.5106, 74.2023
1.66531, 48.5103, 74.2154
1.65766, 48.5284, 74.5163
1.6411, 48.4656, 78.2774
1.57769, 48.56, 84.1403
1.51857, 48.67, 90.9558
1.48704, 48.7633, 96.0184
1.46553, 48.7526, 98.4717
1.46363, 48.769, 99.0059
1.46399, 48.7507, 98.6158
1.6065, 48.7315, 98.4719
1.80257, 48.7075, 98.1618
2.26668, 48.6752, 96.3243
2.52267, 48.6472, 91.0225
2.67498, 48.507, 87.7159
2.78967, 48.4172, 86.1609
2.89135, 48.3803, 85.8971
2.91351, 48.3805, 85.9887
2.91494, 48.3803, 86.0074
2.9144, 48.3791, 86.0838
2.91459, 48.3795, 86.0575
3.25093, 48.4505, 86.0712
3.75794, 48.4907, 85.7949
4.81508, 48.6196, 85.7016
6.24278, 48.789, 86.0458
7.5863, 49.0084, 86.7296
10.0284, 49.1853, 87.713
12.7267, 49.3106, 88.478
14.7695, 49.409, 91.0111
17.7256, 49.3975, 93.612
19.8942, 49.2347, 96.4064
22.8336, 48.8976, 98.8809
24.898, 48.9345, 101.207
27.6462, 48.6018, 104.147
29.263, 48.1841, 111.181
29.9885, 47.8137, 116.301
29.9948, 47.8098, 116.343
30.0097, 47.8325, 114.566
30.0204, 47.8427, 113.673
30.0216, 47.8471, 113.372
30.0106, 47.8369, 114.28
29.9897, 47.8213, 115.794
29.2858, 48.0224, 116.756
28.9809, 48.0983, 116.531
28.3258, 48.3708, 116.629
28.0769, 48.4949, 116.685
27.7285, 48.6983, 116.577
27.5192, 48.8021, 116.63
27.2369, 48.9423, 116.734
26.5815, 49.245, 116.793
25.8837, 49.6255, 116.769
24.8145, 49.8914, 113.985
24.1586, 49.8902, 111.724
23.2792, 50.0483, 110.091
22.7896, 50.1122, 108.953
22.0478, 50.2452, 108.371
21.707, 50.363, 107.999
21.2555, 50.4668, 107.449
20.8777, 50.4662, 106.923
20.6828, 50.5036, 106.699
20.3154, 50.6204, 106.17
20.0085, 50.6396, 105.769
19.5491, 50.6552, 104.939
19.1463, 50.5762, 103.914
18.6119, 50.7132, 103.445
18.2386, 50.7785, 103.368
17.5529, 50.8019, 102.632
16.8787, 50.9594, 101.948
16.3795, 51.0027, 100.953
15.4531, 51.1683, 99.5673
14.8972, 51.2389, 97.2016
14.0044, 51.2999, 94.3295
13.4303, 51.2954, 91.8843
12.5722, 51.332, 90.5369
11.9579, 51.3659, 90.0792
11.0007, 51.3474, 89.5124
9.99405, 51.3363, 86.7609
9.52128, 51.2799, 82.7396
8.71054, 50.7755, 81.2579
8.3755, 50.5459, 79.8966
7.42651, 50.2114, 79.0735
6.86141, 50.0815, 78.6688
5.86753, 49.8818, 78.6547
5.14178, 49.7054, 79.277
4.06775, 49.4726, 80.2238
3.32792, 49.2994, 82.2937
2.37047, 49.1234, 87.7738
1.72616, 49.0158, 93.3663
1.38868, 48.8848, 97.886
0.912172, 48.6989, 100.981
0.578999, 48.5416, 103.048
0.319318, 48.4842, 104.437
0.156737, 48.4634, 105.367
0.0633681, 48.4832, 105.763
0.0629013, 48.4847, 105.676
0.292703, 48.4239, 105.481
1.08828, 48.1798, 105.436
1.7523, 47.9967, 105.425
3.15479, 47.611, 105.381
4.11849, 47.3537, 104.977
5.88296, 46.9451, 102.786
6.95484, 46.6682, 97.0652
8.48054, 46.2569, 90.4963
9.37958, 46.0866, 86.2788
10.7036, 45.974, 83.8991
11.8269, 45.9403, 82.3851
13.4404, 46.0875, 81.4247
15.3584, 46.341, 81.0758
16.6174, 46.5309, 81.4314
18.8644, 46.8293, 82.6106
20.3223, 46.9645, 84.5991
22.614, 47.1477, 86.9115
24.3807, 47.2478, 89.3133
26.7268, 47.1473, 95.5732
27.2968, 46.8744, 104.036
27.3237, 46.7442, 112.062
27.3053, 46.7173, 114.155
27.3736, 46.7944, 110.891
27.3757, 46.7773, 108.742
27.3728, 46.7821, 108.501
27.3587, 46.7583, 110.292
27.3261, 46.7176, 111.984
26.3522, 47.1096, 113.174
26.0455, 47.1604, 113.325
25.2658, 47.545, 113.709
24.7699, 47.7613, 113.852
24.3726, 47.9382, 113.768
24.3633, 47.9413, 113.824
24.7991, 47.6953, 113.867
25.5429, 47.4212, 113.754
27.2089, 46.7207, 113.544
28.5479, 46.2496, 112.281
30.3932, 45.8576, 107.676
32.2861, 45.7786, 100.809
33.7327, 45.73, 91.7675
35.5367, 45.5634, 83.9131
36.3471, 45.369, 79.2253
37.5233, 45.1723, 75.5066
38.1131, 45.08, 72.9627
38.7686, 45.0207, 71.1502
39.2008, 45.1984, 69.647
39.6046, 45.3191, 68.5622
39.8757, 45.4163, 67.6749
39.8616, 45.4116, 67.6053
39.6426, 45.3184, 67.8365
39.4069, 45.2239, 67.747
38.9913, 45.0612, 67.1642
38.7993, 44.9678, 66.2425
38.6284, 44.9054, 65.3895
38.5703, 44.9139, 64.8526
38.5638, 44.9178, 64.4359
38.5328, 44.985, 64.3043
38.5216, 45.034, 64.2399
38.5431, 45.016, 64.339
38.5223, 45.0612, 64.2242
38.5225, 45.0824, 64.5483
38.5093, 45.1028, 64.5471
38.5094, 45.1039, 64.4808
38.5093, 45.101, 64.6509
38.5579, 45.1263, 64.5212
38.6354, 45.1635, 64.5118
38.7947, 45.2383, 64.5718
38.9221, 45.2991, 64.5532
39.0371, 45.3535, 64.577
39.281, 45.469, 64.595
39.5554, 45.593, 64.9159
39.7719, 45.6745, 65.9419
39.9842, 45.7832, 69.4831
40.1932, 45.9463, 75.9861
40.2865, 46.1404, 83.4335
40.5712, 46.2817, 88.0297
40.8571, 46.2584, 89.8371
41.4189, 46.2768, 90.1614
42.3672, 46.2749, 90.1236
43.2372, 46.2736, 90.0929
44.6348, 46.2721, 90.0692
45.6846, 46.2958, 90.0164
47.2963, 46.3468, 89.8746
48.1164, 46.3752, 89.7432
48.8807, 46.4729, 89.8492
49.0232, 46.47, 90.055
48.9343, 46.4675, 90.2339
48.2526, 46.4462, 90.3052
47.3039, 46.4534, 90.0211
46.426, 46.5037, 89.6693
45.1337, 46.4723, 89.5888
44.2909, 46.4674, 89.4861
43.3159, 46.4347, 89.4378
42.6951, 46.3321, 89.4872
41.86, 46.3481, 89.5461
41.2891, 46.319, 89.6173
40.4808, 46.2896, 89.6212
39.7337, 46.3089, 89.5912
39.261, 46.3537, 89.5788
38.657, 46.3494, 89.5542
37.9865, 46.32, 89.6009
36.8551, 46.2862, 89.718
35.9955, 46.265, 91.2755
34.7276, 46.2836, 94.8616
33.6171, 46.3157, 97.2302
31.6433, 46.5786, 98.926
30.2371, 46.751, 99.626
27.537, 47.2364, 99.8986
24.9243, 47.6689, 99.9483
22.9957, 48.0083, 99.6942
20.2587, 48.6167, 98.9961
18.4232, 48.8568, 98.3511
15.5697, 49.2234, 98.0118
13.7661, 49.4524, 97.8392
10.9734, 49.8118, 97.7495
9.06302, 50.0229, 97.6829
6.35162, 50.4368, 97.6334
3.6834, 50.8185, 97.6302
1.94122, 51.076, 97.6393
-0.494625, 51.404, 97.4976
-2.00246, 51.5573, 96.1786
-4.26871, 51.7007, 95.1879
-5.66466, 51.7786, 94.7977
-7.43004, 51.9277, 94.2396
-8.46131, 51.9334, 93.8608
-9.88855, 51.9586, 93.5639
-10.6909, 51.9625, 93.2655
-11.8058, 52.1003, 92.999
-12.465, 52.1187, 92.2498
-12.9517, 52.181, 88.4185
-13.4148, 52.1892, 86.2885
-13.8491, 51.9584, 81.6436
-14.3636, 51.7366, 76.9025
-14.8203, 51.579, 72.1161
-15.2191, 50.9568, 68.6105
-16.1659, 50.4169, 66.1025
-17.015, 49.846, 64.0511
-18.5425, 48.8901, 61.7421
-19.3376, 48.3191, 56.8156
-20.4865, 47.6159, 47.6557
-21.1503, 47.3454, 37.0002
-21.943, 46.98, 28.3523
-22.6968, 46.8531, 21.5417
-23.2457, 46.5283, 16.504
-23.4337, 46.5887, 14.5827
-23.3838, 46.816, 14.0762
-23.3251, 47.1988, 13.4346
-23.3271, 47.2041, 13.2209
-23.3812, 47.1784, 13.3034
-23.3901, 46.9256, 13.4237
-23.5245, 46.5698, 13.4166
-23.5852, 46.3144, 13.437
-23.7542, 45.814, 13.4277
-23.8054, 45.3946, 13.3886
-24.1241, 44.2624, 13.3891
-24.3336, 43.2774, 13.4361
-24.7624, 41.4911, 13.5549
-25.194, 39.6048, 12.8866
-25.6035, 38.0459, 11.2666
-26.0273, 35.609, 9.70465
-26.2989, 34.1705, 8.7758
-26.7509, 31.683, 8.25471
-26.9546, 30.4709, 7.48292
-27.2048, 28.5629, 7.00765
-27.3545, 27.3527, 6.80925
-27.5317, 25.6688, 6.56533
-27.7179, 24.0555, 6.32933
-27.8133, 23.1964, 6.23953
-27.9227, 21.7499, 6.2586
-28.0979, 21.0161, 6.47274
-28.1852, 19.8118, 6.57257
-28.1977, 19.7119, 6.50525
-28.2111, 19.5928, 6.52224
-28.1967, 19.7225, 6.50287
-28.1482, 20.0791, 6.93826
-28.1525, 20.1129, 7.95453
-28.12, 20.1864, 9.3539
-28.1902, 20.1976, 9.41688
-28.1937, 20.2003, 9.16091
-28.1919, 20.199, 9.28847
-28.1457, 20.1921, 9.20823
-28.1693, 20.1926, 9.24571
-28.2068, 20.1186, 9.16465
-28.1852, 19.9244, 9.47051
-28.214, 19.8141, 10.4142
-28.2023, 19.7528, 11.9787
-28.1969, 19.7163, 14.4429
-28.1798, 19.6887, 16.0059
-28.1939, 19.6383, 16.0331
-28.2307, 19.6055, 15.8776
-28.2781, 19.4424, 15.8074
-28.337, 19.2344, 15.8048
-28.5311, 18.55, 15.7634
-28.7123, 17.9117, 15.6686
-29.0468, 16.7208, 15.5656
-29.2019, 16.0703, 15.6755
-29.463, 15.231, 15.6263
-29.6446, 14.5808, 15.6465
-29.7729, 14.0337, 15.6487
-29.9936, 13.4388, 15.3044
-30.1028, 13.0743, 14.4956
-30.1379, 12.5682, 14.186
-30.1912, 12.1815, 13.79
-30.3207, 11.4794, 13.0435
-30.4595, 10.8981, 12.5793
-30.6637, 9.89905, 11.7576
-30.6673, 8.83639, 11.102
-30.7602, 8.13609, 10.7072
-30.8195, 7.71288, 10.3885
-30.8998, 7.29151, 10.1297
-30.9414, 7.07827, 9.8677
-30.9374, 6.85556, 9.44013
-30.8946, 6.84115, 9.21454
-30.9124, 6.86782, 9.35338
-30.8958, 6.95559, 9.48687
-30.8183, 7.25873, 9.62348
-30.7689, 7.66684, 9.87393
-30.5946, 8.52017, 11.0553
-30.4784, 9.07557, 13.8064
-30.075, 9.95078, 17.5979
-29.6696, 10.3759, 23.4404
-29.0716, 11.0357, 29.6701
-28.5295, 11.5076, 36.347
-27.5381, 12.4348, 41.9497
-26.0745, 13.7605, 45.0253
-24.853, 14.8364, 46.7489
-22.7481, 16.6973, 47.6609
-21.3336, 17.938, 47.9622
-18.8823, 20.1424, 47.3868
-17.6554, 21.3402, 43.5786
-15.9352, 23.0924, 35.0109
-14.6329, 23.6676, 25.4909
-13.4309, 24.3725, 18.3136
-12.3427, 24.7809, 12.4594
-11.6713, 24.8123, 11.1209
-11.3415, 25.0212, 13.71
-11.1153, 25.0972, 20.2021
-10.915, 25.1379, 28.399
-10.7592, 25.2177, 34.3276
-10.3411, 25.6802, 38.1762
-9.85902, 26.1987, 40.8109
-8.65419, 27.4796, 42.3624
-7.69415, 28.5057, 43.8654
-5.95825, 30.2539, 44.992
-4.0686, 32.0821, 46.2943
-2.83089, 33.1327, 51.626
-1.52244, 34.6278, 60.4161
-1.17029, 35.3548, 70.1127
-0.206016, 36.3777, 78.3809
0.24905, 37.2304, 85.7043
1.04001, 37.9996, 92.7682
1.34132, 38.5153, 99.8843
1.56148, 39.0562, 105.911
1.97486, 39.4301, 112.805
2.28842, 39.8038, 119.515
2.78202, 39.6567, 126.137
2.9575, 39.5116, 132.453
3.06865, 39.393, 134.748
3.05883, 39.4104, 132.816
3.21662, 39.3217, 131.735
3.16403, 39.2317, 130.573
3.17022, 39.2113, 128.193
3.13577, 39.1561, 122.954
3.15891, 39.3385, 113.264
2.80417, 39.0592, 104.924
2.78283, 38.5229, 100.285
3.01712, 38.0698, 98.7704
3.31943, 37.6999, 99.2359
3.55327, 37.365, 99.4523
3.54928, 37.2489, 97.576
3.60556, 37.1983, 97.247
3.60537, 37.1981, 97.266
3.60649, 37.1996, 97.155
3.60609, 37.1991, 97.1941
3.60696, 37.2003, 97.1074
3.60968, 37.2041, 96.8353
3.61316, 37.1486, 95.6995
3.60758, 36.9529, 94.3526
3.60737, 36.9103, 93.9885
3.60669, 36.9092, 94.0625
3.60695, 36.9096, 94.0344
3.60731, 36.9102, 93.9946
3.60698, 36.9097, 94.0306
3.60742, 36.9104, 93.9827
3.60732, 36.9102, 93.9934
3.60808, 36.9114, 93.9118
3.60779, 36.911, 93.9427
3.60817, 36.9116, 93.8993
3.60762, 36.9107, 93.9595
3.60125, 36.9107, 93.9911
3.59792, 36.9103, 94.0309
3.20095, 36.9138, 94.0772
2.60015, 36.9095, 93.9935
1.09892, 36.9908, 93.7805
-0.157967, 37.0742, 93.6364
-2.49765, 37.2217, 93.4886
-4.39646, 37.3371, 93.3272
-7.20159, 37.4983, 93.0881
-8.68042, 37.5778, 92.9882
-9.26215, 37.6068, 93.0992
-9.26275, 37.6059, 93.1656
-9.26193, 37.6019, 93.4207
-9.2605, 37.599, 93.6071
-9.2533, 37.6107, 92.8106
-9.20251, 37.674, 88.5839
-9.34033, 37.7274, 82.2486
-8.17995, 37.9824, 74.1098
-7.93445, 38.2666, 64.0102
-7.92914, 38.564, 52.3731
-7.10546, 38.8867, 45.5431
-6.80682, 38.6332, 39.7509
-7.00601, 37.7366, 36.7245
-7.23565, 37.0199, 34.5202
-8.23315, 35.6102, 32.7427
-8.64052, 34.9506, 31.3547
-8.99369, 34.56, 31.2079
-8.93196, 34.55, 30.2982
-8.92212, 34.5873, 29.6661
-8.54615, 35.2258, 29.1184
-8.4297, 35.4932, 28.873
-8.15752, 35.9418, 28.7548
-8.03367, 36.2629, 28.8809
-7.55472, 37.126, 28.9754
-7.16212, 37.8789, 29.0882
-6.19651, 39.6111, 29.1143
-5.48004, 41.0045, 28.9516
-4.29756, 43.1463, 28.9659
-3.24926, 44.9023, 33.2163
-2.83323, 46.0788, 40.8483
-2.35165, 47.5221, 51.6177
-2.50979, 48.5717, 61.0763
-2.22045, 49.8367, 68.17
-2.16457, 50.3584, 74.6915
-1.81273, 50.3896, 80.6943
-1.85495, 50.7596, 84.6363
-2.13937, 51.0191, 86.8396
-2.50204, 51.1001, 88.5156
-3.13207, 51.2396, 89.7247
-3.49373, 51.225, 90.785
-3.64117, 51.2063, 92.2452
-3.69473, 51.1811, 94.1048
-3.73147, 51.1777, 96.1257
-3.79632, 51.1473, 97.0384
-3.79996, 51.1272, 96.7979
-3.79044, 51.1266, 96.7639
-3.66505, 51.1371, 96.6929
-2.9792, 51.057, 96.6652
-1.06024, 50.8344, 96.6099
0.377801, 50.6997, 96.3306
2.81746, 50.4136, 96.107
4.80288, 50.2338, 95.8304
8.0415, 49.9055, 97.2692
10.126, 49.5928, 99.9006
13.3323, 48.8936, 101.805
15.8608, 48.419, 103.675
19.2519, 47.7562, 106.639
21.2193, 47.2856, 112.594
22.0117, 46.8087, 118.631
22.0024, 46.7566, 120.363
21.9855, 46.7436, 121.674
21.9897, 46.732, 122.171
21.9987, 46.7451, 121.136
22.0174, 46.7578, 119.788
22.0196, 46.7592, 119.637
22.0014, 46.7451, 121.048
21.9729, 46.7289, 122.948
21.9772, 46.7342, 122.49
21.9841, 46.732, 122.373
21.9368, 46.7268, 125.998
21.8635, 46.6844, 129.583
21.8153, 46.6648, 132.637
21.7874, 46.6557, 134.34
21.7732, 46.6514, 135.196
21.7711, 46.6508, 135.322
21.757, 46.6468, 136.171
21.7358, 46.6412, 137.444
21.7258, 46.6387, 138.039
21.7346, 46.6409, 137.516
21.7532, 46.6457, 136.401
21.7828, 46.6543, 134.619
21.8144, 46.6645, 132.693
21.8536, 46.6789, 130.271
21.8992, 46.698, 127.405
21.9468, 46.721, 124.345
22.0167, 46.751, 120.222
22.0832, 46.8124, 114.599
21.6595, 47.0702, 111.394
21.6408, 47.1493, 108.539
21.1467, 47.4028, 107.34
20.5584, 47.9619, 107.412
20.1592, 48.0305, 107.892
20.1727, 48.0228, 108.102
20.2007, 48.0026, 108.771
21.1214, 47.656, 110.026
21.7778, 47.4994, 110.87
22.259, 47.4432, 112.108
22.6759, 47.5196, 114.175
22.8426, 47.7187, 116.561
23.1053, 47.8289, 118.016
23.161, 47.8594, 119.228
23.1688, 47.8374, 120.243
23.1314, 47.8278, 122.054
23.1128, 47.8086, 123.786
23.0998, 47.8032, 124.557
23.1139, 47.8106, 123.634
23.1582, 47.8356, 120.689
23.1984, 47.8628, 117.841
23.2298, 47.8881, 115.414
23.2528, 47.9018, 113.959
23.285, 47.8942, 110.468
23.1722, 48.3921, 105.102
23.0531, 48.6169, 100.61
23.0894, 48.7425, 98.3742
22.9356, 48.9266, 97.1941
22.9209, 48.9558, 96.9793
22.9214, 48.952, 97.2241
23.188, 48.9162, 97.3422
24.0421, 48.801, 97.5612
25.2433, 48.6441, 97.4413
25.4553, 48.6199, 97.2409
25.7986, 48.581, 96.9976
26.5994, 48.4889, 96.7243
29.531, 48.1254, 96.6048
31.7853, 47.8701, 96.4118
35.5169, 47.4673, 96.085
37.9516, 47.2095, 96.0877
41.8377, 46.7413, 96.1813
45.9911, 46.2944, 96.1386
48.7109, 45.9982, 96.2374
53.1058, 45.5178, 96.2231
55.9332, 45.088, 96.2737
59.109, 44.7883, 95.6659
61.1795, 44.5849, 95.6201
64.3784, 44.2985, 95.4952
66.1877, 44.1248, 93.9865
66.7802, 44.285, 86.0646
66.8056, 44.2922, 84.1492
65.5998, 44.1622, 86.114
64.103, 44.2038, 87.9107
63.1569, 44.1897, 88.7947
60.8966, 44.1408, 88.7703
58.5153, 43.8989, 89.0006
56.644, 43.6987, 89.1673
53.6438, 43.6082, 89.2315
51.7768, 43.5586, 89.3182
49.5893, 43.5082, 89.7491
48.454, 43.4563, 92.1296
47.3029, 43.5032, 99.0709
46.7869, 43.4736, 109.001
45.8693, 43.5243, 119.499
45.5032, 43.3014, 127.587
44.9014, 43.0782, 132.894
44.5608, 43.1157, 135.855
44.0462, 43.2021, 135.825
43.8669, 43.4581, 131.833
43.7208, 43.7123, 124.773
43.5039, 43.9297, 118.04
43.2, 44.0159, 115.587
42.641, 44.1317, 114.831
42.1804, 44.2986, 114.327
41.4214, 44.6517, 113.153
40.8717, 44.8, 111.519
39.9707, 45.1621, 110.399
39.3771, 45.3853, 110.083
38.383, 45.7487, 110.094
37.74, 45.9879, 109.764
36.679, 46.4029, 108.666
35.7259, 46.7281, 108.016
35.0007, 46.9645, 107.869
34.3764, 47.2151, 107.96
33.2989, 47.6144, 108.056
32.6921, 47.8375, 108.092
31.7263, 48.2028, 108.16
30.7766, 48.5137, 108.249
30.1332, 48.7252, 108.343
28.8967, 49.1361, 108.232
27.9745, 49.4761, 107.147
26.6149, 49.8954, 102.201
25.9101, 50.1076, 93.3333
24.8551, 50.3613, 83.2981
24.2268, 50.5707, 75.7891
22.9777, 50.6973, 71.0907
21.5207, 50.6313, 67.6091
20.528, 50.4661, 65.9298
18.9494, 50.021, 65.6035
17.8254, 49.7264, 67.8
16.704, 49.3041, 73.8869
15.9631, 48.9827, 81.3498
14.9767, 48.7049, 86.1204
14.0892, 48.3869, 88.9288
12.8494, 48.0963, 90.2454
11.9309, 48.0743, 90.5535
10.5287, 48.2251, 91.6147
9.0422, 48.5538, 92.8068
7.99917, 48.7456, 93.4975
6.34467, 48.8467, 93.9705
5.26479, 48.92, 94.2785
3.4974, 49.0516, 94.9024
2.25611, 49.1536, 95.8092
0.405792, 49.3427, 96.8319
-0.846173, 49.4664, 97.5553
-2.72655, 49.7412, 97.8825
-4.62993, 50.0299, 98.0445
-5.98145, 50.2438, 98.2135
-8.01846, 50.5139, 98.836
-9.30043, 50.7578, 99.8251
-11.3241, 51.1843, 100.709
-12.6885, 51.442, 101.124
-14.5938, 51.8663, 101.341
-15.9176, 52.1564, 101.395
-17.4847, 52.4721, 101.428
-18.6827, 52.6903, 101.353
-20.027, 53.0084, 101.353
-21.4514, 53.2948, 101.396
-22.2514, 53.4573, 101.249
-23.4887, 53.7038, 101.13
-24.1523, 53.8102, 101.094
-25.1455, 54.0298, 101.081
-25.6763, 54.1327, 101.179
-26.435, 54.2825, 101.207
-26.8843, 54.3479, 101.127
-27.4379, 54.4571, 101.103
-27.8637, 54.5408, 101.081
-28.1262, 54.5956, 100.862
-28.2515, 54.6218, 99.012
-28.3247, 54.6822, 95.7555
-28.3613, 54.6928, 93.635
-28.386, 54.6749, 93.3225
-28.396, 54.6691, 93.7471
-28.3977, 54.669, 93.7614
-28.3975, 54.6693, 93.7425
-28.3977, 54.669, 93.7593
-28.3976, 54.6691, 93.7554
-28.3976, 54.6692, 93.7485
-28.3976, 54.6691, 93.7522
-28.3976, 54.6691, 93.7524
-28.3976, 54.6691, 93.7525
-28.3976, 54.6691, 93.7527
-28.3976, 54.6691, 93.7528
-28.3976, 54.6691, 93.7527
-28.3976, 54.6691, 93.7527
-28.3976, 54.6691, 93.7528
-28.3976, 54.6691, 93.7527
-28.3992, 54.6452, 93.7527
-28.3992, 54.6452, 93.7527
-28.3992, 54.6452, 93.7529
-28.3992, 54.6452, 93.7529
-28.3992, 54.6452, 93.7529
-28.3992, 54.6452, 93.753
-28.3992, 54.6452, 93.7528
-28.3992, 54.6452, 93.7528
-28.3992, 54.6452, 93.7528
-28.3992, 54.6452, 93.7527
-28.3992, 54.6452, 93.7529
-28.3992, 54.6452, 93.7527
-28.3992, 54.6452, 93.7528
-28.3992, 54.6452, 93.7526
-28.3992, 54.6452, 93.7528
-28.3992, 54.6452, 93.7528
-28.3992, 54.6452, 93.7529
-28.3992, 54.6452, 93.7527
-28.3992, 54.6452, 93.7529
-28.3992, 54.6452, 93.7528
-28.3992, 54.6452, 93.7527
-28.3992, 54.6452, 93.7528
-28.3992, 54.6452, 93.7527
-28.3992, 54.6452, 93.7525
-28.3992, 54.6452, 93.7526
-28.3992, 54.6452, 93.7525
-28.3992, 54.6452, 93.7525
-28.3992, 54.6452, 93.7526
-28.3992, 54.6452, 93.7526
-28.3992, 54.6452, 93.7526
-28.3992, 54.6452, 93.7526
-28.3992, 54.6452, 93.7526
-28.3992, 54.6452, 93.7526
-28.3992, 54.6452, 93.7527
-28.3992, 54.6452, 93.7526
-28.3992, 54.6452, 93.7527
-28.3992, 54.6452, 93.7529
-28.3992, 54.6452, 93.7527
-28.3992, 54.6452, 93.7527
-28.3992, 54.6452, 93.7527
-28.3992, 54.6452, 93.7527
-28.3992, 54.6452, 93.7528
-28.3992, 54.6452, 93.7529
-28.3992, 54.6452, 93.753
-28.3992, 54.6452, 93.7528
-28.3992, 54.6452, 93.753
-28.3992, 54.6452, 93.7527
-28.3992, 54.6452, 93.7528
-28.3992, 54.6452, 93.7528
-28.3992, 54.6452, 93.7526
-28.3992, 54.6452, 93.7527
-28.3992, 54.6452, 93.7528
-28.3992, 54.6452, 93.7528
-28.3992, 54.6452, 93.7527
-28.3992, 54.6452, 93.7528
-28.3992, 54.6452, 93.7526
-28.3992, 54.6452, 93.753
-28.3992, 54.6452, 93.7528
-28.3992, 54.6452, 93.753
-28.3992, 54.6452, 93.7531
-28.3992, 54.6452, 93.7529
-28.3992, 54.6452, 93.753
-28.3992, 54.6452, 93.7529
-28.3992, 54.6452, 93.753
-28.3992, 54.6452, 93.7531
-28.3992, 54.6452, 93.7532
-28.3992, 54.6452, 93.7531
-28.3992, 54.6452, 93.7532
-28.3992, 54.6452, 93.7533
-28.3992, 54.6452, 93.7532
-28.3992, 54.6452, 93.7533
-28.3992, 54.6452, 93.7531
-28.3992, 54.6452, 93.753
-28.3992, 54.6452, 93.753
-28.3992, 54.6452, 93.7529
-28.3992, 54.6452, 93.7529
-28.3992, 54.6452, 93.7532
-28.3992, 54.6452, 93.753
-28.3992, 54.6452, 93.753
-28.3992, 54.6452, 93.7531
-28.3992, 54.6451, 93.7534
-28.3992, 54.6452, 93.7531
-28.3992, 54.6452, 93.7531
-28.3992, 54.6452, 93.7532
-28.3992, 54.6452, 93.7532
-28.3992, 54.6452, 93.7532
-28.3992, 54.6452, 93.7532
-28.3992, 54.6451, 93.7533
-28.3992, 54.6452, 93.7531
-28.3992, 54.6451, 93.7533
-28.3992, 54.6452, 93.7532
-28.3992, 54.6452, 93.7531
-28.3992, 54.6452, 93.7531
-28.3992, 54.6452, 93.7533
-28.3992, 54.6452, 93.7534
-28.3992, 54.6452, 93.7532
-28.3992, 54.6452, 93.7535
-28.3992, 54.6452, 93.7534
-28.3992, 54.6452, 93.7535
-28.3992, 54.6452, 93.7536
-28.3992, 54.6452, 93.7535
-28.3992, 54.6452, 93.7535
-28.3992, 54.6452, 93.7535
-28.3992, 54.6452, 93.7535
-28.3992, 54.6452, 93.7536
-28.3992, 54.6452, 93.7537
-28.3992, 54.6452, 93.7538
-28.3992, 54.6452, 93.7542
-28.3992, 54.6452, 93.754
-28.3992, 54.6452, 93.7536
-28.3992, 54.6452, 93.7538
-28.3992, 54.6452, 93.7533
-28.3992, 54.6452, 93.7533
-28.3992, 54.6452, 93.7538
-28.3992, 54.6452, 93.7533
-28.399, 54.6454, 93.7372
-28.3988, 54.6457, 93.7138
-28.3988, 54.6671, 93.8944
-28.0978, 54.6454, 93.9532
-27.5401, 54.6082, 93.8845
-26.9813, 54.5947, 93.8674
-26.0067, 54.528, 93.9015
-25.2707, 54.5011, 93.9372
-24.027, 54.4144, 93.9747
-23.0883, 54.3504, 93.9159
-21.7718, 54.285, 93.8955
-20.8601, 54.2699, 93.9478
-19.2688, 54.1354, 93.9702
-17.858, 54.0842, 94.0149
-16.7525, 54.0051, 94.0938
-15.2751, 53.9253, 94.026
-13.7303, 53.8428, 93.9591
-12.7091, 53.7971, 93.93
-11.627, 53.7471, 93.9302
-10.0141, 53.6324, 94.0873
-8.56324, 53.5251, 94.2039
-7.48067, 53.4438, 94.2632
-6.29311, 53.4033, 94.2699
-5.37446, 53.36, 94.1988
-5.36656, 53.3386, 93.9834
-5.92978, 53.381, 93.6441
-6.58621, 53.4284, 93.0807
-8.04364, 53.5075, 92.6278
-10.2657, 53.5051, 91.6232
-12.0045, 53.5532, 91.0462
-14.6132, 53.5986, 90.6438
-16.5506, 53.5961, 90.078
-19.2862, 53.6426, 88.9772
-20.2778, 53.5942, 89.1752
-20.7973, 53.5423, 92.5618
-20.8569, 53.4541, 98.7322
-21.2418, 53.1776, 104.867
-21.3008, 53.0394, 108.354
-21.622, 52.8047, 111.175
-21.6668, 52.7549, 112.149
-21.7202, 52.7031, 111.884
-21.4645, 52.6095, 111.423
-21.0962, 52.4926, 110.005
-20.4157, 52.3199, 106.53
-20.1464, 52.1947, 102.23
-19.8141, 52.1083, 99.1226
-19.6532, 52.1097, 97.5089
-19.4475, 52.0935, 96.8879
-19.3998, 52.1082, 97.1294
-19.3839, 52.083, 97.0619
-19.3685, 52.0766, 97.3544
-19.3689, 52.0736, 97.5544
-18.5131, 51.953, 97.8273
-17.228, 51.7781, 97.7508
-14.7311, 51.4561, 97.9198
-12.6064, 51.1819, 98.0048
-9.38237, 50.7597, 98.4691
