-45.4507, 13.2288, 269.999
-45.4483, 13.2277, 269.928
-45.2012, 13.2191, 269.192
-44.6865, 13.2415, 268.407
-43.6787, 13.3559, 266.799
-42.756, 13.4137, 264.326
-40.9717, 13.5937, 261.407
-39.6287, 13.8135, 258.361
-37.2168, 14.4012, 255.985
-35.5867, 14.7824, 253.939
-33.0994, 15.5175, 251.67
-31.539, 16.0264, 248.389
-29.147, 16.8745, 245.101
-27.7879, 17.1973, 241.861
-25.9774, 18.0624, 234.872
-24.8593, 18.3863, 224.702
-23.2996, 19.0648, 212.298
-22.5011, 19.5785, 197.87
-21.4094, 19.9979, 185.761
-20.4649, 20.909, 174.207
-19.5312, 21.4406, 164.251
-18.8526, 22.3474, 157.332
-18.0941, 22.6819, 154.9
-17.5228, 23.0869, 155.355
-17.0098, 23.1478, 156.074
-16.5961, 22.8355, 155.484
-16.2352, 22.2787, 154.305
-15.5525, 20.8469, 153.738
-14.7873, 19.3604, 153.606
-14.1088, 18.042, 153.698
-13.0904, 16.0017, 153.392
-12.4586, 14.7401, 152.478
-11.4066, 12.8856, 149.874
-10.7665, 11.9135, 143.079
-10.8727, 11.8062, 138.541
-11.3047, 11.7185, 136.472
-11.2643, 11.6278, 137.018
-11.2197, 11.5438, 137.047
-11.2012, 11.5605, 136.99
-11.2023, 11.5602, 137.058
-11.3757, 11.7441, 137.184
-11.5373, 11.883, 137.194
-11.5514, 11.8946, 137.362
-11.5936, 11.9424, 137.276
-11.6057, 11.9561, 137.244
-11.6101, 11.9605, 137.259
-11.6101, 11.9605, 137.264
-11.6103, 11.9605, 137.271
-11.6103, 11.9605, 137.272
-11.6102, 11.9605, 137.266
-11.6104, 11.9604, 137.279
-11.6102, 11.9605, 137.265
-11.6104, 11.9604, 137.279
-11.6102, 11.9605, 137.27
-11.6103, 11.9605, 137.276
-11.6103, 11.9605, 137.274
-11.6104, 11.9604, 137.279
-11.6116, 11.9616, 137.284
-11.6113, 11.9616, 137.271
-11.6114, 11.9616, 137.277
-11.6114, 11.9616, 137.274
-11.6115, 11.9616, 137.278
-11.6114, 11.9616, 137.275
-11.6114, 11.9616, 137.276
-11.6111, 11.9617, 137.26
-11.6117, 11.9615, 137.293
-11.6112, 11.9616, 137.265
-11.6115, 11.9616, 137.281
-11.6112, 11.9617, 137.263
-11.6093, 11.9648, 137.028
-12.0505, 12.4465, 136.414
-12.5195, 12.8152, 135.369
-13.5668, 13.7156, 133.75
-15.1487, 14.9591, 133.565
-16.1829, 15.9431, 133.851
-18.0444, 17.7314, 133.631
-19.3592, 18.9524, 132.815
-21.531, 20.8603, 132.103
-23.993, 22.9496, 131.77
-25.7149, 24.4846, 131.524
-28.1188, 26.6103, 131.335
-29.9402, 28.21, 130.822
-32.661, 30.5429, 129.972
-34.5867, 32.1487, 128.936
-37.5559, 34.6452, 127.73
-39.551, 36.3571, 126.162
-42.7707, 38.6126, 124.108
-44.6089, 39.8468, 120.133
-47.4044, 41.8799, 114.712
-48.7859, 43.1037, 108.242
-51.2531, 44.3698, 100.336
-53.1688, 45.6298, 92.6431
-54.6908, 46.5715, 88.0046
-56.6184, 47.2901, 85.2621
-57.893, 47.9379, 83.551
-57.8213, 48.1027, 81.6359
-57.6555, 48.3866, 79.2192
-57.4556, 48.813, 78.1311
-57.552, 48.7919, 78.1857
-57.8451, 48.7472, 78.7531
-57.8335, 48.7141, 79.4571
-57.8583, 48.7034, 79.8577
-58.0528, 48.6661, 80.0582
-58.0509, 48.6674, 79.9978
-58.051, 48.667, 80.0218
-58.0523, 48.6631, 80.2587
-57.7687, 48.6871, 80.2969
-56.9918, 48.7991, 81.3045
-55.9905, 48.9183, 82.5658
-54.9412, 49.0577, 83.4808
-53.3004, 49.1953, 85.1132
-51.1823, 49.3149, 86.7889
-49.5643, 49.4174, 87.9423
-47.2301, 49.5081, 89.1089
-45.423, 49.5755, 90.1887
-42.629, 49.522, 91.8923
-40.7941, 49.451, 93.7909
-37.618, 49.2333, 95.5865
-35.5061, 49.1156, 97.3065
-32.4413, 48.7712, 99.7004
-30.6314, 48.4537, 106.51
-30.0443, 47.8685, 118.418
-30.1297, 47.9547, 119.202
-30.3072, 48.0427, 118.11
-30.1056, 48.0575, 117.352
-30.0716, 48.1153, 116.107
-30.0697, 48.1184, 115.873
-30.0847, 48.097, 115.991
-30.0844, 48.0972, 115.97
-30.0848, 48.0969, 115.998
-30.0845, 48.0971, 115.98
-30.0847, 48.097, 115.992
-30.0847, 48.097, 115.99
-30.0845, 48.0971, 115.977
-30.0847, 48.097, 115.99
-30.0847, 48.097, 115.991
-30.0845, 48.0971, 115.981
-30.0847, 48.097, 115.992
-30.0742, 48.1185, 115.99
-30.0846, 48.097, 115.983
-30.0744, 48.1184, 116.007
-30.0743, 48.1184, 116.004
-30.0739, 48.1187, 115.974
-30.0745, 48.1183, 116.013
-30.074, 48.1186, 115.982
-30.1228, 48.132, 116.609
-30.3759, 48.2188, 119.292
-30.7391, 48.5041, 123.626
-31.0719, 49.1681, 128.214
-31.0928, 49.5762, 130.318
-31.0865, 49.7332, 128.336
-31.3266, 50.3328, 123.994
-31.7377, 50.7325, 118.524
-32.4159, 51.1253, 111.397
-33.0509, 51.2871, 102.61
-34.1291, 51.4612, 92.7945
-34.5834, 51.5338, 86.1732
-34.677, 51.7947, 82.6501
-34.9827, 51.9191, 77.5773
-34.9816, 52.2832, 70.3002
-34.9736, 52.5939, 64.3561
-34.6508, 53.1036, 60.4745
-34.0744, 53.859, 58.9528
-33.5785, 54.3154, 58.2071
-32.4283, 55.1195, 58.0979
-31.6259, 55.6249, 60.1021
-30.4025, 56.4392, 63.5438
-29.6942, 57.0005, 66.9285
-28.5217, 57.6924, 70.0616
-27.4177, 58.3524, 73.4481
-26.4829, 58.8673, 75.9515
-25.2314, 59.4046, 78.5659
-24.3178, 59.8177, 81.3044
-22.9767, 60.0652, 84.2348
-22.1252, 60.4502, 86.9367
-20.7288, 60.6301, 89.2031
-19.842, 60.5972, 91.1557
-18.3422, 60.7604, 91.838
-17.2271, 60.6967, 92.0339
-15.5308, 60.6243, 92.4226
-13.6956, 60.5992, 92.2358
-12.6116, 60.614, 91.8741
-10.8893, 60.5648, 91.6469
-9.90652, 60.54, 91.4876
-8.99459, 60.5195, 91.3533
-8.67096, 60.5381, 91.2381
-8.45043, 60.5095, 91.2215
-8.4259, 60.5092, 91.2094
-8.42248, 60.5327, 91.2374
-8.42239, 60.5329, 91.227
-8.42288, 60.5089, 91.2238
-8.42288, 60.5089, 91.2237
-8.42281, 60.509, 91.2162
-8.4228, 60.509, 91.2151
-8.42276, 60.5091, 91.2104
-8.42292, 60.5088, 91.229
-8.42269, 60.5092, 91.2021
-8.42276, 60.5091, 91.2097
-8.42282, 60.509, 91.2169
-8.42276, 60.5091, 91.2103
-8.42282, 60.509, 91.2169
-8.42273, 60.5092, 91.207
-8.42225, 60.5331, 91.2097
-8.42227, 60.5331, 91.213
-8.42225, 60.5331, 91.2106
-8.42222, 60.5332, 91.2059
-8.42223, 60.5332, 91.2074
