-45.8838, -13.5832, 270
-45.8896, -13.5942, 269.277
-45.7755, -13.6025, 270.289
-45.2545, -13.5889, 271.862
-44.5554, -13.7365, 273.858
-43.3631, -13.9514, 276.394
-42.269, -14.2318, 278.795
-40.528, -14.5769, 280.855
-38.478, -14.9537, 282.615
-36.952, -15.2907, 284.657
-34.5502, -15.9139, 287.358
-32.858, -16.4715, 290.447
-30.4717, -17.3263, 292.392
-29.8288, -17.4812, 295.019
-29.3794, -17.4838, 300.806
-28.2751, -17.6457, 309.506
-27.6539, -18.0841, 319.695
-26.713, -18.4235, 330.423
-26.1352, -18.8903, 341.169
-25.7534, -19.8219, 350.711
-25.5552, -20.4206, 361.133
-25.517, -21.5264, 372.072
-25.2442, -22.2548, 383.51
-25.0068, -23.6509, 394.771
-24.5656, -24.6202, 406.233
-24.5598, -25.8232, 417.912
-24.5851, -27.018, 426.361
-24.4179, -27.8936, 430.67
-24.3108, -28.6232, 430.996
-24.6766, -28.9292, 429.07
-25.4268, -29.61, 426.45
-26.1582, -30.1203, 424.16
-27.7025, -30.9757, 422.459
-28.8494, -31.6542, 421.562
-30.875, -32.779, 421.824
-32.3441, -33.6218, 422.627
-34.8713, -34.923, 423.223
-36.7454, -35.8663, 423.946
-39.551, -37.2561, 424.705
-42.6046, -38.6897, 425.463
-44.6448, -39.6435, 426.573
-47.7451, -41.0144, 428.608
-49.6366, -41.9538, 432.057
-52.39, -42.8316, 435.698
-54.0815, -43.2615, 438.462
-56.3501, -44.0043, 440.566
-57.5591, -44.2437, 443.048
-59.5078, -44.575, 445.379
-59.7992, -44.5333, 447.529
-59.8161, -44.5264, 448.619
-59.8166, -44.5117, 449.214
-59.6598, -44.564, 449.631
-59.8592, -44.5652, 449.634
-60.3289, -44.5636, 449.274
-60.3957, -44.6067, 448.889
-56.8879, -47.3484, 448.794
-56.873, -47.3209, 448.589
-56.4794, -47.3125, 448.657
-55.9431, -47.279, 448.838
-54.5977, -47.2453, 448.592
-53.4841, -47.2007, 447.945
-51.8534, -47.0454, 447.934
-50.2243, -47.0146, 448.122
-48.0895, -46.894, 448.019
-46.2449, -46.7495, 447.803
-43.6684, -46.641, 448.167
-41.5813, -46.5324, 448.318
-38.5317, -46.4516, 448.55
-35.0409, -46.3436, 448.609
-32.7849, -46.2613, 448.515
-30.909, -46.1742, 442.978
-30.0776, -46.0555, 435.932
-30.306, -46.2044, 433.749
-30.2622, -46.1787, 432.97
-30.2537, -46.1713, 432.663
-30.2591, -46.1712, 432.548
-30.241, -46.1837, 433.673
-30.4704, -46.2321, 434.12
-30.4635, -46.2538, 434.037
-30.4648, -46.2535, 433.991
-30.4648, -46.2533, 433.981
-30.465, -46.2541, 434.029
-30.465, -46.2544, 434.048
-30.4651, -46.2547, 434.066
-30.4651, -46.255, 434.078
-30.465, -46.2544, 434.046
-30.4651, -46.2549, 434.074
-30.4649, -46.2537, 434.003
-30.4652, -46.2554, 434.103
-30.465, -46.2541, 434.029
-30.4648, -46.2534, 433.988
-30.4649, -46.2539, 434.017
-30.465, -46.2541, 434.026
-30.4648, -46.2534, 433.989
-30.465, -46.2541, 434.027
-30.465, -46.2545, 434.05
-30.4649, -46.2541, 434.026
-30.465, -46.2542, 434.031
-30.4649, -46.2541, 434.025
-27.21, -46.6367, 434.027
-27.21, -46.6367, 434.026
-27.2793, -46.62, 434.908
-27.3502, -46.5938, 436.845
-27.7213, -46.7213, 440.157
-28.003, -46.7068, 444.678
-28.6633, -46.2567, 448.684
-29.2214, -46.1628, 452.421
-29.5612, -45.79, 458.437
-29.8425, -45.109, 463.682
-30.0036, -44.297, 469.119
-30.5387, -43.4564, 475.574
-30.8764, -43.039, 477.019
-31.6898, -42.3528, 473.324
-31.9174, -42.083, 466.614
-32.8108, -41.7462, 457.904
-33.2948, -41.5663, 449.615
-33.621, -41.1282, 445.46
-33.6717, -40.9342, 440.277
-33.6727, -40.5494, 436.023
-33.1429, -40.1368, 432.217
-32.7002, -39.7803, 430.453
-31.7493, -39.2111, 429.426
-30.9088, -38.777, 428.869
-29.5373, -38.2663, 429.609
-28.5976, -37.8909, 431.65
-27.223, -37.2662, 434.492
-26.4237, -36.7713, 437.645
-25.1342, -36.249, 441.493
-23.7715, -35.8081, 444.311
-22.9475, -35.3545, 447.05
-21.5855, -35.0834, 450.21
-20.7813, -34.84, 453.144
-19.5007, -34.8793, 455.544
-18.4198, -34.8362, 456.316
-16.919, -34.8582, 456.312
-15.8338, -34.807, 456.215
-14.232, -34.7804, 455.957
-12.6688, -34.6838, 457.058
-11.6559, -34.6422, 459.19
-10.1979, -34.46, 460.691
-9.48042, -33.9771, 460.186
-8.62941, -34.1454, 458.83
-8.27732, -34.0893, 458.126
-8.03311, -34.1151, 459.047
-8.03073, -34.0523, 459.686
-8.11358, -34.0855, 459.596
-8.19142, -34.0693, 459.388
-8.27094, -34.0571, 459.45
-8.30359, -34.0508, 459.396
-8.30669, -34.0506, 459.412
-8.3067, -34.0506, 459.413
-8.3067, -34.0506, 459.412
-8.30661, -34.0505, 459.404
-8.30672, -34.0506, 459.415
-8.30657, -34.0504, 459.401
-8.30664, -34.0505, 459.407
-8.30663, -34.0505, 459.406
-8.30667, -34.0505, 459.41
-8.30655, -34.0504, 459.399
-8.30656, -34.0504, 459.4
-8.30655, -34.0504, 459.399
-8.30658, -34.0504, 459.401
-8.30651, -34.0503, 459.395
-8.30652, -34.0503, 459.396
-8.30654, -34.0504, 459.398
-8.30654, -34.0504, 459.397
-8.30657, -34.0504, 459.401
-8.30663, -34.0505, 459.406
-8.30654, -34.0504, 459.397
-8.30655, -34.0504, 459.398
-8.30658, -34.0504, 459.402
-8.30657, -34.0504, 459.401
-8.30654, -34.0504, 459.397
-8.30653, -34.0503, 459.396
-8.30658, -34.0504, 459.401
-8.30652, -34.0503, 459.396
-8.3066, -34.0504, 459.404
-8.30658, -34.0504, 459.401
-8.30659, -34.0504, 459.402
-8.30653, -34.0504, 459.397
-8.30658, -34.0504, 459.401
-8.30647, -34.0503, 459.392
-8.30653, -34.0504, 459.397
-8.30646, -34.0503, 459.39
-8.30658, -34.0504, 459.401
-8.30643, -34.0502, 459.387
-8.30654, -34.0504, 459.397
-8.30647, -34.0503, 459.391
-8.30652, -34.0503, 459.396
-8.30647, -34.0503, 459.391
-8.30654, -34.0504, 459.398
-8.30643, -34.0502, 459.387
-8.30647, -34.0503, 459.391
-8.30647, -34.0503, 459.391
-8.30654, -34.0504, 459.397
-8.30636, -34.0501, 459.38
-8.3066, -34.0505, 459.403
-8.30642, -34.0502, 459.386
-8.30647, -34.0503, 459.392
-8.30802, -34.05, 459.391
-8.30802, -34.05, 459.391
-8.30807, -34.0501, 459.395
-8.30803, -34.0501, 459.392
-8.30804, -34.0501, 459.393
-8.30811, -34.0501, 459.399
-8.30804, -34.0501, 459.393
-8.30802, -34.05, 459.391
-8.30809, -34.0501, 459.397
-8.30799, -34.05, 459.388
-8.30805, -34.0501, 459.393
-8.30798, -34.05, 459.387
-8.30799, -34.05, 459.388
-8.30796, -34.05, 459.386
-8.30798, -34.05, 459.387
-8.30789, -34.0499, 459.379
-8.30804, -34.0501, 459.393
-8.30793, -34.0499, 459.383
-8.30798, -34.05, 459.387
-8.30794, -34.0499, 459.383
-8.30799, -34.05, 459.388
-8.30791, -34.0499, 459.381
-8.30801, -34.05, 459.39
-8.3079, -34.0499, 459.38
-8.30802, -34.0501, 459.391
-8.30401, -34.0263, 459.382
-8.30792, -34.0499, 459.382
-8.30791, -34.0499, 459.38
-8.30413, -34.0264, 459.393
-8.30396, -34.0262, 459.377
-8.30409, -34.0263, 459.389
-8.30402, -34.0262, 459.382
-8.30024, -34.0028, 459.396
-8.30398, -34.0262, 459.379
-8.30414, -34.0264, 459.394
-8.30799, -34.05, 459.388
-8.30794, -34.0499, 459.384
-8.3041, -34.0264, 459.39
-8.30797, -34.05, 459.386
-8.30796, -34.05, 459.385
-8.30795, -34.0499, 459.384
-8.30416, -34.0264, 459.396
-8.30402, -34.0262, 459.382
-8.30409, -34.0264, 459.39
-8.30795, -34.0499, 459.384
-8.30412, -34.0264, 459.392
-8.30404, -34.0263, 459.384
-8.30422, -34.0265, 459.401
-8.30407, -34.0263, 459.386
-8.30413, -34.0264, 459.392
-8.30803, -34.05, 459.391
-8.3042, -34.0265, 459.399
-8.30409, -34.0263, 459.388
-8.30413, -34.0264, 459.392
-8.30799, -34.05, 459.387
-8.30419, -34.0265, 459.398
-8.30797, -34.05, 459.385
-8.30422, -34.0265, 459.4
-8.30412, -34.0264, 459.391
-8.30409, -34.0263, 459.388
-8.30415, -34.0264, 459.393
-8.30412, -34.0264, 459.391
-8.30413, -34.0264, 459.391
-8.30414, -34.0264, 459.392
-8.30416, -34.0264, 459.394
-8.30015, -34.0026, 459.385
-8.30422, -34.0265, 459.4
-8.30797, -34.0499, 459.384
-8.30409, -34.0263, 459.387
-8.30396, -34.0261, 459.375
-8.30412, -34.0263, 459.39
-8.30401, -34.0262, 459.38
-8.30403, -34.0262, 459.382
-8.30406, -34.0263, 459.384
-8.30798, -34.0499, 459.385
-8.30396, -34.0261, 459.374
-8.30803, -34.05, 459.39
-8.3118, -34.0735, 459.376
-8.30795, -34.0499, 459.382
-8.31178, -34.0735, 459.375
-8.31181, -34.0735, 459.378
-8.31172, -34.0734, 459.369
-8.31182, -34.0735, 459.378
-8.3117, -34.0734, 459.367
-8.31175, -34.0735, 459.371
-8.30782, -34.0497, 459.369
-8.3117, -34.0734, 459.367
-8.31174, -34.0734, 459.37
-8.31167, -34.0733, 459.364
-8.31171, -34.0734, 459.368
-8.31162, -34.0733, 459.36
-8.31169, -34.0734, 459.366
-8.31155, -34.0732, 459.353
-8.31163, -34.0733, 459.36
-8.31154, -34.0732, 459.352
-8.31168, -34.0734, 459.366
-8.31161, -34.0733, 459.359
-8.33324, -34.0198, 459.275
-8.33442, -34.019, 459.238
-8.37756, -34.0109, 459.162
-8.40899, -34.0077, 459.284
-8.48037, -33.9961, 459.291
-8.48035, -33.9961, 459.289
-8.48041, -33.9961, 459.295
-8.47389, -33.9967, 459.265
-8.47101, -33.9973, 459.27
-8.47092, -33.9972, 459.261
-8.47101, -33.9973, 459.27
-8.47101, -33.9973, 459.269
-8.47101, -33.9973, 459.269
-8.47095, -33.9972, 459.264
-8.47099, -33.9973, 459.268
-8.47099, -33.9973, 459.267
-8.47099, -33.9973, 459.267
-8.47099, -33.9973, 459.267
-8.47099, -33.9973, 459.267
-8.47099, -33.9973, 459.268
-8.471, -33.9973, 459.268
-8.471, -33.9973, 459.268
-8.471, -33.9973, 459.268
-8.47094, -33.9972, 459.262
-8.59398, -33.9776, 459.3
-8.92483, -33.9226, 459.229
-9.80821, -33.7785, 459.15
-10.7078, -33.6337, 459.145
-12.2404, -33.3871, 459.127
-13.3711, -33.1813, 459.136
-15.1616, -32.8934, 459.191
-17.2361, -32.5576, 459.183
-18.8059, -32.3024, 458.955
-21.1786, -31.9313, 458.332
-23.071, -31.5604, 457.812
-25.8809, -31.0798, 457.689
-27.9632, -30.8694, 457.262
-30.8166, -30.5212, 453.479
-32.1781, -30.3288, 445.001
-34.0073, -30.0658, 432.723
-35.6373, -29.5498, 414.37
-36.4904, -28.9045, 396.865
-37.6474, -28.7706, 377.675
-38.6598, -28.5909, 357.339
-39.4551, -28.4973, 337.534
-39.9024, -28.7283, 321.697
-40.17, -29.025, 307.356
-40.0377, -29.468, 295.749
-39.1567, -30.13, 287.442
-38.8517, -30.4339, 280.843
-37.938, -30.9882, 275.479
-37.4516, -31.3396, 271.873
-37.0155, -31.6563, 268.523
-36.9119, -31.8232, 266.774
-36.9054, -31.9303, 266.033
-37.5926, -31.9902, 265.514
-38.3028, -32.0269, 265.267
-39.673, -32.1754, 264.835
-40.9221, -32.2741, 264.504
-42.7358, -32.4674, 264.698
-44.3374, -32.5915, 264.684
-44.6901, -32.598, 264.81
-44.6315, -32.5915, 264.898
-44.2914, -32.6103, 264.83
-43.1807, -32.5103, 264.659
-42.314, -32.4051, 264.644
-40.5361, -32.2383, 264.646
-39.0912, -32.1036, 264.662
-36.643, -31.8482, 264.39
-34.6692, -31.7023, 264.369
-31.6007, -31.2538, 264.276
-28.0458, -30.8747, 264.374
-25.5921, -30.6582, 264.324
-21.8349, -30.2349, 264.255
-19.0726, -29.9564, 264.229
-14.9497, -29.589, 264.262
-10.7955, -29.1703, 264.229
-7.86447, -28.8748, 264.304
-3.43501, -28.363, 264.374
-0.456719, -28.0948, 264.437
4.06668, -27.6078, 264.55
6.99249, -27.2339, 264.887
11.6345, -26.8319, 265.723
14.3539, -26.6656, 269.745
17.7298, -26.3571, 278.885
19.5496, -25.8578, 292.981
21.532, -25.3093, 310.966
22.9595, -24.4997, 330.677
24.511, -23.9425, 351.198
26.3264, -23.7099, 376.418
27.4659, -24.2856, 396.32
28.2265, -24.4565, 412.292
28.7116, -24.4698, 424.952
29.3255, -24.709, 434.233
29.857, -24.9852, 441.841
30.5251, -25.2543, 447.617
30.9002, -25.5916, 451.027
31.404, -25.7236, 452.41
31.5628, -25.773, 452.067
31.8359, -25.7791, 451.873
31.9067, -25.7838, 452.018
32.0202, -25.81, 451.906
32.8782, -25.8621, 451.88
33.5386, -25.8813, 451.768
35.3512, -25.9359, 451.726
36.8924, -25.9816, 451.698
39.5531, -26.059, 451.658
41.4864, -26.115, 451.68
43.8185, -26.2597, 451.785
45.9082, -26.3479, 451.712
46.5329, -26.384, 451.393
46.6726, -26.4073, 451.12
46.1933, -26.393, 450.655
45.1117, -26.3781, 450.145
44.093, -26.3721, 449.585
41.9043, -26.4381, 449.45
40.1699, -26.5497, 449.308
37.3921, -26.586, 449.144
35.2778, -26.6892, 449.153
31.8813, -26.7414, 449.066
28.1915, -26.8235, 449.229
25.5322, -26.9538, 449.33
21.5438, -27.1672, 449.396
18.7776, -27.1957, 449.478
14.6702, -27.2308, 449.601
11.8165, -27.2978, 449.709
7.40142, -27.2945, 449.739
4.42406, -27.3079, 449.722
-0.0714847, -27.4021, 449.721
-4.58609, -27.4476, 449.737
-7.76332, -27.4374, 449.774
-12.3182, -27.478, 449.838
-15.3963, -27.413, 449.969
-20.1282, -27.3889, 450.087
-22.6762, -27.3842, 450.287
-25.0394, -27.4184, 450.181
-25.1739, -27.4442, 450.319
-25.1682, -27.4505, 450.726
-25.171, -27.4554, 451.048
-25.1751, -27.4627, 451.536
-25.1629, -27.4741, 452.26
-25.1926, -27.4788, 452.658
-25.1838, -27.48, 452.714
-25.1844, -27.4809, 452.776
-25.1785, -27.4869, 453.146
-25.1698, -27.4959, 453.708
-25.1841, -27.5032, 454.248
-25.2958, -27.5044, 454.924
-25.6018, -27.3958, 454.271
-25.528, -27.3633, 453.398
-25.3635, -27.3432, 453.132
-24.5668, -27.2922, 453.191
-24.4366, -27.4211, 453.268
-23.9477, -27.4969, 453.269
-23.7779, -27.4828, 453.279
-23.603, -27.4894, 453.073
-23.5314, -27.4939, 453.116
-23.4737, -27.4978, 453.168
-23.4738, -27.498, 453.177
-23.8783, -27.4757, 453.198
-25.1075, -27.4781, 453.02
-26.2333, -27.3938, 452.771
-28.4566, -27.3106, 452.642
-30.1214, -27.3063, 452.516
-33.1389, -27.1736, 452.516
-35.2161, -27.1062, 452.473
-38.5218, -26.9401, 452.217
-40.2491, -26.8279, 452.216
-42.3676, -26.6979, 452.448
-42.4288, -26.7029, 452.962
-42.4071, -26.7164, 453.771
-42.4363, -26.7272, 454.616
-42.438, -26.7395, 455.436
-42.4457, -26.7508, 456.223
-42.4519, -26.7598, 456.858
-42.4558, -26.7652, 457.242
-42.4594, -26.7702, 457.602
-42.4657, -26.7787, 458.217
-42.4707, -26.7855, 458.703
-42.2128, -26.781, 458.957
-40.2498, -27.0443, 458.987
-39.8404, -27.0344, 458.881
-36.9676, -27.3723, 458.609
-34.2271, -27.7973, 458.256
-30.0835, -28.3525, 458.404
-27.8193, -28.7191, 459.309
-25.7942, -29.082, 460.366
-25.474, -28.9915, 463.168
-25.4458, -28.762, 467.059
-25.5194, -28.8241, 472.547
-25.5887, -28.8788, 477.751
-25.1833, -28.9761, 484.548
-25.0318, -28.8901, 492.9
-25.125, -28.871, 499.644
-25.3975, -28.7025, 505.706
-26.0547, -28.013, 512.058
-26.2611, -26.9945, 518.14
-26.879, -24.5699, 522.889
-27.004, -23.3052, 526.196
-27.3648, -21.8444, 527.842
-27.3786, -21.6119, 527.088
-27.5049, -21.0514, 522.37
-27.6555, -20.5408, 514.226
-27.7475, -20.1024, 503.65
-28.0994, -19.6178, 493.367
-28.0431, -19.5609, 486.59
-28.3783, -19.1566, 483.508
-28.7601, -18.8637, 482.546
-29.4967, -18.3071, 482.349
-30.3248, -17.7824, 482.373
-30.6711, -17.5618, 482.287
-31.3067, -17.1605, 482.315
-31.568, -16.9944, 482.267
-31.9543, -16.7503, 482.253
-32.1408, -16.6309, 482.137
-32.1691, -16.6683, 482.066
-31.8905, -16.7867, 482.089
-31.0059, -17.3173, 482.225
-30.2596, -17.7569, 482.148
-28.6917, -18.7672, 481.992
-26.4542, -19.9863, 481.101
-25.5512, -20.5014, 478.859
-24.2645, -21.0652, 473.786
-23.6115, -21.3087, 466.153
-23.3531, -22.0251, 458.985
-23.3707, -22.5125, 454.655
-23.6922, -22.9486, 451.035
-24.8902, -23.1565, 448.285
-25.8412, -23.413, 446.034
-27.7012, -23.8092, 444.68
-29.2701, -23.9796, 443.721
-31.9671, -24.2818, 443.176
-33.8391, -24.5313, 442.839
-37.1122, -25.0666, 442.606
-39.4032, -25.5106, 442.314
-43.1126, -26.0405, 442.077
-45.5481, -26.4523, 441.984
-49.4521, -27.173, 441.942
-53.1441, -27.744, 441.976
-55.5721, -28.0867, 442.091
-58.852, -28.5571, 442.98
-60.8831, -28.8533, 444.508
-63.7637, -29.1348, 446.527
-65.5503, -29.4336, 448.77
-68.2437, -29.7378, 450.694
-70.096, -29.832, 451.973
-72.8433, -29.9684, 452.845
-74.6933, -29.9474, 453.377
-77.5971, -29.8926, 453.698
-79.8462, -29.6755, 453.728
-80.8695, -29.6361, 454.174
-82.7165, -29.5011, 454.402
-83.9392, -29.4071, 454.474
-85.3736, -29.3185, 454.433
-85.9636, -29.2745, 454.555
-86.0151, -29.2981, 454.793
-86.0343, -29.3444, 454.783
-85.68, -29.3714, 454.648
-85.3905, -29.3914, 454.456
-85.2185, -29.3979, 454.035
-84.9307, -29.4093, 453.543
-84.7955, -29.417, 453.507
-84.712, -29.4182, 453.251
-84.6958, -29.399, 451.939
-84.6761, -29.51, 449.743
-84.6693, -29.6199, 449.083
-84.6725, -29.6506, 449.522
-84.673, -29.6515, 449.58
-84.6722, -29.65, 449.483
-84.6696, -29.6262, 449.495
-84.5492, -29.6021, 449.562
-83.788, -29.5513, 449.687
-82.6594, -29.5455, 449.712
-80.7365, -29.4418, 449.762
-78.186, -29.2861, 449.738
-76.1622, -29.2073, 449.829
-73.0401, -29.131, 449.935
-70.7105, -29.1306, 450.009
-67.0704, -29.084, 450.004
-64.6538, -29.0818, 449.938
-60.4845, -29.0301, 449.956
-57.9539, -29.0308, 450.014
-53.5608, -29.0562, 450.016
-49.2233, -29.0035, 449.909
-46.2905, -29.0227, 449.94
-41.8068, -28.971, 449.94
-38.7632, -28.9667, 449.931
-34.2568, -28.9635, 449.976
-31.1552, -28.964, 450.012
-26.3989, -28.967, 450.053
-23.2831, -28.9611, 449.844
-20.2179, -28.9188, 450.173
-19.338, -28.9468, 450.241
-19.2259, -28.9499, 450.414
-19.2269, -28.9519, 450.544
-19.2282, -28.9541, 450.689
-19.2238, -28.9752, 450.497
-19.2176, -28.9278, 450.534
-19.215, -28.9289, 450.603
-19.2149, -28.9757, 450.526
-19.2151, -28.9761, 450.55
-19.215, -28.9759, 450.538
-19.215, -28.9759, 450.539
-19.2146, -28.9752, 450.491
-19.2142, -28.9746, 450.45
-19.2132, -28.9728, 450.332
-19.2119, -28.9703, 450.167
-19.2102, -28.9672, 449.966
-19.2077, -28.9625, 449.655
-19.1523, -28.959, 449.456
-19.1781, -29.037, 449.84
-19.1797, -29.112, 450.046
-19.6687, -29.1784, 449.657
-19.676, -29.1138, 450.144
-20.0766, -29.1152, 450.367
-20.215, -29.1624, 450.367
-20.4607, -29.1848, 450.368
-20.5267, -29.2081, 450.347
-20.559, -29.2083, 450.374
-20.5588, -29.208, 450.353
-20.5588, -29.208, 450.352
-20.5374, -29.2082, 450.357
-20.5191, -29.2083, 450.359
-20.5128, -29.2084, 450.36
-20.5128, -29.2083, 450.355
-20.5128, -29.2083, 450.352
-20.5128, -29.2083, 450.352
-20.5128, -29.2083, 450.357
-20.5127, -29.2082, 450.349
-20.5127, -29.2082, 450.349
-20.5127, -29.2082, 450.35
-20.5127, -29.2082, 450.35
-20.5127, -29.2082, 450.349
-20.5127, -29.2082, 450.35
-20.5127, -29.2082, 450.35
-20.5127, -29.2082, 450.349
-20.5127, -29.2082, 450.349
-20.5069, -29.2088, 450.384
-20.3176, -29.2088, 450.312
-20.0703, -29.1855, 450.277
-19.781, -29.1881, 450.347
-19.3611, -29.1916, 450.396
-19.1577, -29.1912, 450.287
-18.5107, -29.1914, 450.147
-17.8604, -29.1691, 450.16
-16.7263, -29.1468, 450.098
-16.0512, -29.1235, 450.086
-15.6894, -29.101, 450.138
-15.6324, -29.1005, 450.096
-15.8323, -29.077, 450.162
-16.4035, -29.05, 450.045
-16.8653, -29.0499, 450.051
-17.673, -29.0739, 450.151
-18.2635, -29.1202, 450.137
-19.4011, -29.1169, 450.056
-20.3805, -29.1394, 449.959
-22.2246, -29.1648, 449.816
-23.7292, -29.1698, 449.784
-26.2983, -29.1798, 449.744
-28.2934, -29.2125, 449.682
-31.4582, -29.2557, 449.553
-34.8724, -29.3307, 449.548
-37.3214, -29.3502, 449.46
-41.0352, -29.3638, 449.281
-43.5387, -29.4691, 449.232
-46.5882, -29.5581, 449.154
-48.0577, -29.6044, 449.394
-50.3757, -29.6516, 449.463
-51.2959, -29.6341, 449.212
-53.5207, -29.6414, 449.063
-55.3562, -29.6717, 449.023
-56.4589, -29.7375, 448.927
-58.0223, -29.7908, 448.862
-59.0633, -29.8355, 448.87
-60.5051, -29.8637, 448.887
-61.7665, -29.8402, 448.86
-62.4338, -29.8538, 448.889
-63.5061, -29.8503, 448.85
-64.2605, -29.8651, 448.831
-65.6771, -29.8939, 448.774
-66.7595, -29.9171, 448.741
-68.3761, -29.9528, 448.75
-69.4229, -29.9518, 448.806
-70.6227, -29.977, 448.855
-71.3677, -29.9915, 448.807
-72.4858, -29.9906, 448.751
-73.1515, -30.0056, 448.776
-74.0556, -30.0255, 448.873
-74.5983, -30.036, 448.856
-75.2245, -30.049, 448.904
-75.8241, -30.0604, 448.889
-76.1147, -30.0425, 448.926
-76.4755, -30.0721, 448.841
-76.6054, -30.074, 448.783
-76.782, -30.0781, 448.808
-76.8195, -30.0551, 448.826
-76.8241, -30.0553, 448.833
-76.924, -30.0575, 448.843
-77.1652, -30.0382, 448.83
-77.6099, -30.0475, 448.844
-78.009, -30.0558, 448.872
-78.743, -30.0698, 448.812
-79.264, -30.0798, 448.74
-80.1452, -30.0987, 448.679
-80.823, -30.1143, 448.671
-81.8855, -30.1387, 448.634
-82.6618, -30.1805, 448.553
-83.9443, -30.2123, 448.414
-84.9198, -30.2385, 448.271
-86.466, -30.2849, 448.164
-88.047, -30.3357, 448.194
-89.1109, -30.3693, 448.19
-90.7914, -30.4224, 448.194
-91.886, -30.5049, 448.178
-93.6383, -30.6085, 448.157
-94.7435, -30.644, 448.13
-96.4227, -30.6989, 448.177
-97.5837, -30.736, 448.225
-99.24, -30.7873, 448.263
-100.521, -30.8507, 448.277
-101.415, -30.8289, 448.248
-102.489, -30.9576, 448.221
-103.114, -31.0013, 448.234
-104.026, -31.0536, 448.291
-104.574, -31.0938, 448.267
-105.241, -31.07, 448.578
-105.408, -31.0221, 451.643
-105.588, -31.0408, 453.412
-105.615, -31.1158, 453.718
-105.678, -31.1073, 453.426
-105.683, -31.1075, 453.452
-105.682, -31.107, 453.422
-105.682, -31.1058, 453.337
-105.682, -31.1061, 453.358
-105.682, -31.106, 453.352
-105.682, -31.1061, 453.362
-105.681, -31.1056, 453.325
-105.681, -31.1047, 453.263
-105.558, -31.1004, 452.565
-105.489, -31.0961, 450.611
-105.435, -31.1332, 449.879
-105.432, -31.1334, 449.892
-105.433, -31.1338, 449.922
-105.435, -31.1377, 450.176
-105.434, -31.1368, 450.116
-105.425, -31.1366, 450.105
-105.368, -31.1369, 450.119
-105.172, -31.1324, 449.825
-104.899, -31.1183, 449.054
-104.71, -31.0973, 446.484
-104.45, -31.1699, 444.695
-104.395, -31.2543, 444.252
-104.314, -31.2486, 444.41
-104.313, -31.25, 444.508
-104.313, -31.2497, 444.489
-104.313, -31.2502, 444.52
-104.313, -31.2501, 444.517
-104.313, -31.2499, 444.504
-104.313, -31.2499, 444.504
-104.313, -31.2499, 444.504
-104.313, -31.2498, 444.497
-104.321, -31.2547, 444.773
-104.438, -31.2738, 445.362
-104.642, -31.2989, 446.005
-104.779, -31.3194, 446.78
-104.943, -31.3367, 447.375
-105.036, -31.3438, 447.572
-105.082, -31.3451, 447.529
-105.082, -31.3458, 447.577
-105.086, -31.3543, 448.128
-105.087, -31.3559, 448.231
-105.086, -31.3529, 448.034
-105.085, -31.3512, 447.926
-105.085, -31.3514, 447.939
-105.085, -31.3512, 447.928
-105.085, -31.3513, 447.93
-105.085, -31.3513, 447.931
-105.085, -31.3523, 447.999
-105.003, -31.348, 447.905
-104.489, -31.3231, 447.623
-103.783, -31.3388, 447.501
-101.938, -31.2834, 447.531
-100.325, -31.1864, 447.406
-97.7668, -31.0682, 447.359
-95.6356, -30.9716, 447.398
-92.4373, -30.8563, 447.535
-90.2434, -30.7873, 447.568
-86.2508, -30.5976, 447.649
-83.8102, -30.5248, 447.71
-79.599, -30.3478, 447.565
-75.5835, -30.2299, 447.655
-72.5771, -30.0719, 447.364
-68.343, -29.8945, 447.272
-65.1979, -29.771, 447.309
-60.9543, -29.5454, 447.263
-57.8925, -29.3962, 447.183
-53.259, -29.1634, 447.111
-50.126, -29.0264, 447.048
-45.4566, -28.7846, 447.043
-40.7032, -28.5419, 447.094
-37.5254, -28.357, 447.08
-32.6889, -28.1292, 447.001
-29.6064, -27.9326, 446.558
-26.0622, -27.7332, 446.896
-24.8668, -27.6667, 446.819
-24.3921, -27.6407, 446.837
-24.386, -27.6405, 446.847
-24.3981, -27.6404, 446.798
-24.3989, -27.6564, 446.267
-24.3832, -27.6336, 446.42
-24.3799, -27.5849, 446.394
-24.3802, -27.5857, 446.44
-24.3803, -27.5858, 446.451
-24.3789, -27.5861, 446.472
-24.379, -27.5863, 446.487
-24.3792, -27.5867, 446.513
-24.3793, -27.587, 446.531
-24.3795, -27.5875, 446.561
-24.3829, -27.5881, 446.589
-24.3837, -27.5898, 446.701
-24.3895, -27.5957, 447.065
-24.3683, -27.5852, 446.454
-24.3635, -27.5815, 446.23
-24.3653, -27.5821, 446.263
-24.3683, -27.5791, 446.049
-24.3403, -27.5761, 445.984
-24.3437, -27.5561, 446.232
-24.3451, -27.5316, 446.197
-24.345, -27.5314, 446.185
-24.3466, -27.5076, 446.194
-24.3452, -27.5319, 446.215
-24.3467, -27.5079, 446.212
-24.348, -27.4833, 446.17
-24.3467, -27.5078, 446.204
-24.3467, -27.5078, 446.208
-24.3467, -27.5078, 446.204
-24.3467, -27.5078, 446.207
-24.3467, -27.5078, 446.204
-24.3467, -27.5078, 446.205
-24.3467, -27.5078, 446.208
-24.3467, -27.5078, 446.208
-24.3467, -27.5079, 446.21
-24.3467, -27.5079, 446.21
-24.3467, -27.5079, 446.21
-24.3467, -27.5079, 446.211
-24.3467, -27.5079, 446.21
-24.3467, -27.5079, 446.211
-24.3467, -27.5079, 446.21
-24.3467, -27.5079, 446.21
-24.3467, -27.5079, 446.21
-24.3467, -27.5078, 446.209
-24.3467, -27.5078, 446.209
-24.3467, -27.5078, 446.209
-24.3467, -27.5078, 446.209
-24.3467, -27.5078, 446.21
-24.3467, -27.5078, 446.21
-24.3467, -27.5078, 446.21
-24.3467, -27.5078, 446.21
-24.3467, -27.5078, 446.21
-24.3467, -27.5078, 446.21
-24.3467, -27.5079, 446.21
-24.3467, -27.5078, 446.21
-24.3467, -27.5079, 446.21
-24.3468, -27.508, 446.217
-24.3468, -27.508, 446.219
-24.3468, -27.508, 446.217
-24.3468, -27.508, 446.217
-24.3468, -27.508, 446.218
-24.3468, -27.508, 446.217
-24.3468, -27.508, 446.217
-24.3468, -27.508, 446.217
-24.3468, -27.508, 446.217
-24.3468, -27.508, 446.217
-24.3468, -27.508, 446.217
-24.3468, -27.508, 446.217
-24.3468, -27.508, 446.217
-24.3468, -27.508, 446.217
-24.3468, -27.508, 446.219
-24.3468, -27.508, 446.22
-24.3467, -27.5077, 446.204
-24.3466, -27.5077, 446.2
-24.3467, -27.5077, 446.201
-24.3467, -27.5077, 446.203
-24.3467, -27.5079, 446.211
-24.3467, -27.5078, 446.21
-24.3466, -27.5075, 446.187
-24.3466, -27.5075, 446.19
-24.3463, -27.5068, 446.147
-24.3462, -27.5067, 446.135
-24.346, -27.5063, 446.112
-24.3457, -27.5056, 446.068
-24.3459, -27.506, 446.093
-24.3456, -27.5055, 446.06
-24.3461, -27.5064, 446.117
-24.3456, -27.5054, 446.055
-24.345, -27.504, 445.968
-24.3452, -27.5046, 446.001
-24.3445, -27.503, 445.902
-24.3428, -27.5268, 445.896
-24.342, -27.5251, 445.786
-24.3411, -27.5232, 445.663
-24.3403, -27.5213, 445.547
-24.3388, -27.5179, 445.326
-24.338, -27.516, 445.212
-24.3378, -27.5156, 445.182
-24.3358, -27.5111, 444.899
-24.3329, -27.5043, 444.471
-24.3313, -27.4967, 443.986
-24.3285, -27.4898, 443.553
-24.3264, -27.4846, 443.226
-24.3249, -27.477, 442.741
-24.3215, -27.464, 441.926
-24.2614, -27.4361, 440.731
-23.9986, -27.317, 439.177
-23.9513, -27.3801, 439.104
-24.062, -27.3786, 439.215
-24.291, -27.4467, 439.219
-24.3544, -27.4836, 439.244
-24.3545, -27.484, 439.268
-24.3544, -27.4837, 439.252
-24.356, -27.4841, 439.256
-24.356, -27.484, 439.249
-24.356, -27.484, 439.253
-24.3544, -27.4837, 439.252
-24.3544, -27.4837, 439.251
-24.3544, -27.4838, 439.255
-24.3545, -27.4838, 439.259
-24.3544, -27.4838, 439.256
-24.3544, -27.4837, 439.254
-24.3544, -27.4838, 439.257
-24.3545, -27.4838, 439.258
-24.3544, -27.4838, 439.255
-24.3544, -27.4838, 439.256
-24.3544, -27.4838, 439.257
-24.3544, -27.4838, 439.257
-24.3544, -27.4838, 439.256
-24.3544, -27.4838, 439.256
-24.3544, -27.4838, 439.256
-24.3544, -27.4838, 439.256
-24.3544, -27.4838, 439.255
-24.3544, -27.4838, 439.257
-24.3544, -27.4838, 439.255
-24.3544, -27.4838, 439.256
-24.3544, -27.4838, 439.256
-24.3544, -27.4838, 439.255
-24.3544, -27.4838, 439.256
-24.3544, -27.4838, 439.256
-24.3544, -27.4838, 439.256
-24.3544, -27.4838, 439.256
-24.3544, -27.4838, 439.256
-24.3544, -27.4838, 439.256
-24.3544, -27.4838, 439.256
-24.3544, -27.4838, 439.256
-24.3544, -27.4838, 439.256
-24.3544, -27.4838, 439.256
-24.3544, -27.4838, 439.256
-24.3544, -27.4838, 439.255
-24.3544, -27.4838, 439.255
-24.3544, -27.4838, 439.255
-24.3544, -27.4838, 439.255
-24.3544, -27.4838, 439.256
-24.3544, -27.4838, 439.256
-24.3544, -27.4838, 439.255
-24.3544, -27.4838, 439.256
-24.3544, -27.4838, 439.255
-24.3544, -27.4838, 439.255
-24.3544, -27.4838, 439.256
-24.3544, -27.4838, 439.255
-24.3544, -27.4838, 439.255
-24.3544, -27.4838, 439.255
-24.3544, -27.4838, 439.255
-24.3544, -27.4838, 439.255
-24.3544, -27.4838, 439.255
-24.3544, -27.4838, 439.255
-24.3544, -27.4838, 439.255
-24.3544, -27.4838, 439.256
-24.3544, -27.4838, 439.254
-24.3544, -27.4838, 439.255
-24.3544, -27.4838, 439.255
-24.3544, -27.4838, 439.255
-24.3544, -27.4838, 439.255
-24.3544, -27.4838, 439.255
-24.3544, -27.4838, 439.255
-24.3544, -27.4837, 439.254
-24.3544, -27.4838, 439.255
-24.3544, -27.4838, 439.255
-24.3544, -27.4838, 439.254
-24.3544, -27.4838, 439.255
-24.3544, -27.4838, 439.255
-24.3544, -27.4838, 439.255
-24.3544, -27.4838, 439.255
-24.3544, -27.4838, 439.255
-24.3544, -27.4838, 439.255
-24.3547, -27.4846, 439.305
-24.3551, -27.4857, 439.375
-24.3547, -27.4847, 439.314
-24.3548, -27.4849, 439.323
-24.3548, -27.485, 439.329
-24.3548, -27.4849, 439.322
-24.3553, -27.4866, 439.426
-24.3635, -27.4748, 440.15
-24.2988, -27.5029, 442.589
-24.2969, -27.561, 446.397
-24.2666, -27.5029, 448.975
-24.2602, -27.5025, 448.96
-24.2552, -27.4928, 448.328
-24.2852, -27.4923, 448.236
-24.4068, -27.497, 448.303
-24.6979, -27.5052, 448.271
-24.9626, -27.5121, 448.185
-25.6569, -27.5339, 448.16
-26.1521, -27.5498, 448.158
-27.0056, -27.5767, 448.089
-27.978, -27.5849, 448.038
-28.6944, -27.6333, 448.015
-29.7892, -27.6713, 448.02
-30.5842, -27.7257, 448.264
-31.7867, -27.7663, 449.057
-32.6064, -27.7882, 450.088
-33.779, -27.7885, 450.715
-34.6055, -27.7791, 450.883
-35.9012, -27.7587, 450.831
-36.6981, -27.7467, 450.757
-37.7726, -27.7333, 450.838
-38.575, -27.7217, 450.87
-38.9876, -27.7154, 450.864
-39.6005, -27.7074, 450.991
-39.8703, -27.7024, 450.97
-40.2706, -27.6721, 451.011
-40.4482, -27.6918, 450.923
-40.607, -27.6646, 450.878
-40.6487, -27.6646, 450.922
-40.6536, -27.6648, 450.941
-40.653, -27.6638, 450.87
-40.6533, -27.6644, 450.911
-40.9952, -27.6843, 451.039
-41.5011, -27.6747, 451.015
-42.3475, -27.6596, 450.985
-42.9518, -27.649, 450.972
-43.5951, -27.6372, 450.873
-43.972, -27.6309, 450.828
-44.466, -27.6241, 450.85
-44.7027, -27.6212, 450.901
-44.9519, -27.6161, 450.807
-45.0811, -27.6147, 450.841
-45.1028, -27.6148, 450.865
-45.1027, -27.6146, 450.857
-45.1036, -27.6137, 450.797
-45.1038, -27.6142, 450.83
-45.1038, -27.6141, 450.824
-45.1039, -27.6143, 450.834
-45.104, -27.6144, 450.843
-45.104, -27.6145, 450.848
-45.104, -27.6146, 450.854
-45.104, -27.6145, 450.852
-45.104, -27.6145, 450.85
-45.104, -27.6145, 450.852
-45.104, -27.6146, 450.854
-45.104, -27.6145, 450.852
-45.104, -27.6145, 450.852
-45.104, -27.6145, 450.852
-45.104, -27.6146, 450.853
-45.104, -27.6146, 450.853
-45.104, -27.6145, 450.852
-45.104, -27.6145, 450.852
-45.104, -27.6146, 450.853
-45.104, -27.6146, 450.853
-45.104, -27.6146, 450.853
-45.104, -27.6146, 450.852
-45.104, -27.6146, 450.852
-45.104, -27.6146, 450.852
-45.104, -27.6146, 450.853
-45.104, -27.6146, 450.852
-45.104, -27.6146, 450.853
-45.104, -27.6146, 450.853
-45.104, -27.6146, 450.852
-45.104, -27.6146, 450.852
-45.104, -27.6146, 450.852
-45.1041, -27.6146, 450.853
-45.104, -27.6146, 450.852
-45.104, -27.6146, 450.852
-45.1041, -27.6146, 450.852
-45.1041, -27.6146, 450.852
-45.1041, -27.6146, 450.853
-45.1041, -27.6146, 450.852
-45.1041, -27.6146, 450.852
-45.1041, -27.6146, 450.852
-45.1041, -27.6146, 450.852
-45.1041, -27.6146, 450.853
-45.1041, -27.6146, 450.852
-45.1041, -27.6146, 450.852
-45.1041, -27.6146, 450.853
-45.104, -27.6146, 450.853
-45.104, -27.6146, 450.852
-45.104, -27.6146, 450.852
-45.104, -27.6146, 450.852
-45.104, -27.6146, 450.852
-45.104, -27.6146, 450.852
-45.104, -27.6145, 450.852
-45.104, -27.6145, 450.851
-45.104, -27.6145, 450.851
-45.104, -27.6146, 450.852
-45.104, -27.6146, 450.852
-45.104, -27.6146, 450.852
-45.104, -27.6146, 450.852
-45.1041, -27.6146, 450.852
-45.104, -27.6146, 450.852
-45.104, -27.6145, 450.851
-45.1041, -27.6146, 450.852
-45.104, -27.6145, 450.851
-45.1415, -27.6151, 450.929
-45.2183, -27.6138, 450.926
-45.4021, -27.6107, 450.915
-45.6244, -27.6068, 450.887
-45.7387, -27.6039, 450.809
-45.8419, -27.603, 450.849
-45.8542, -27.6031, 450.863
-45.8556, -27.6027, 450.842
-45.8556, -27.6027, 450.841
-45.8556, -27.6028, 450.845
-45.8561, -27.6037, 450.904
-45.9532, -27.6027, 450.946
-46.2697, -27.5985, 451.027
-46.7044, -27.5915, 451.095
-47.9055, -27.5683, 451.131
-48.6648, -27.5518, 450.957
-50.5845, -27.5447, 451.028
-52.0845, -27.469, 451.139
-54.6513, -27.4442, 450.835
-56.3503, -27.3949, 450.222
-59.1328, -27.3661, 449.275
-61.1585, -27.3943, 447.899
-64.2263, -27.5447, 445.855
-67.1517, -27.6859, 443.044
-69.1325, -27.9082, 438.456
-71.7255, -28.2359, 432.442
-73.5826, -28.2923, 425.261
-76.2001, -28.8558, 417.206
-77.8014, -29.0582, 408.713
-80.2113, -29.9977, 399.607
-81.8356, -30.5205, 389.869
-83.6487, -31.7914, 379.545
-85.1917, -33.2297, 366.721
-86.5072, -34.3271, 356.022
-87.8097, -36.1627, 345.413
-88.5363, -37.4494, 334.962
-89.0117, -39.3084, 324.469
-89.5094, -40.9587, 314.236
-89.2905, -42.9627, 303.963
-88.7489, -43.8989, 293.906
-88.1297, -45.6346, 284.294
-87.4285, -46.4524, 275.334
-85.9481, -47.9682, 265.191
-84.2422, -48.9029, 257.539
-82.7377, -49.8507, 251.195
-81.211, -50.291, 245.657
-80.0102, -50.5184, 240.826
-79.2689, -50.6332, 238.18
-78.8304, -51.1112, 237.214
-78.8749, -51.1731, 236.976
-79.0557, -51.3209, 236.894
-79.1861, -51.6969, 236.673
-79.453, -51.8791, 236.379
-79.5786, -51.9939, 236.253
-79.7231, -52.0635, 236.156
-79.7313, -52.063, 236.483
-79.7336, -52.0518, 237.184
-79.722, -52.0524, 238.325
-79.7235, -52.0093, 240.82
-79.6777, -52.0123, 245.607
-79.604, -52.0631, 251.787
-79.5519, -52.0933, 256.848
-79.5204, -52.1039, 260.502
-79.5153, -52.0892, 261.402
-79.5138, -52.1193, 261.007
-79.5153, -52.1237, 260.738
-79.5149, -52.1224, 260.819
-79.5151, -52.1231, 260.775
-79.5151, -52.1231, 260.777
-79.5152, -52.1233, 260.766
-79.5152, -52.1233, 260.764
-79.5152, -52.1233, 260.763
-79.5152, -52.1233, 260.761
-79.5152, -52.1233, 260.762
-79.5152, -52.1233, 260.762
-79.5152, -52.1233, 260.761
-79.5152, -52.1233, 260.762
-79.5152, -52.1233, 260.762
-79.5152, -52.1233, 260.761
-79.5152, -52.1233, 260.762
-79.5152, -52.1233, 260.762
-79.5152, -52.1233, 260.762
-79.5152, -52.1233, 260.762
-79.5152, -52.1233, 260.761
-79.5152, -52.1233, 260.761
-79.5152, -52.1233, 260.761
-79.5152, -52.1233, 260.761
-79.5152, -52.1233, 260.761
-79.5152, -52.1233, 260.762
-79.5152, -52.1233, 260.761
-79.5152, -52.1233, 260.762
-79.5152, -52.1233, 260.762
-79.5152, -52.1233, 260.762
-79.5152, -52.1233, 260.761
-79.5152, -52.1233, 260.762
-79.5152, -52.1233, 260.761
-79.5152, -52.1233, 260.761
-79.5152, -52.1233, 260.761
-79.5152, -52.1233, 260.761
-79.5152, -52.1233, 260.761
-79.5152, -52.1233, 260.762
-79.5152, -52.1233, 260.761
-79.5152, -52.1233, 260.762
-79.5152, -52.1234, 260.761
-79.5152, -52.1233, 260.762
-79.5152, -52.1233, 260.761
-79.5151, -52.1231, 260.773
-79.5133, -52.118, 261.092
-79.5131, -52.1174, 261.125
-79.513, -52.1172, 261.14
-79.5129, -52.1169, 261.155
-79.5129, -52.1169, 261.157
-79.5125, -52.1158, 261.225
-79.5067, -52.1333, 261.606
-79.5015, -52.1192, 262.48
-79.4894, -52.089, 264.365
-79.4641, -52.0863, 267.583
-79.431, -52.1187, 271.76
-79.3959, -52.1472, 276.374
-79.4804, -52.1935, 281.817
-79.4899, -52.2047, 285.67
-79.6918, -52.0986, 288.445
-79.8982, -52.0184, 290.447
-80.2663, -51.8518, 291.941
-80.6021, -51.7161, 293.27
-81.2106, -51.4199, 294.76
-81.7159, -51.1426, 296.785
-82.5806, -50.6608, 299.471
-83.0806, -50.3947, 303.726
-83.9604, -50.1102, 312.217
-84.7082, -49.7718, 320.514
-85.4863, -49.436, 329.183
-86.3191, -48.8304, 338.36
-87.0722, -48.4571, 347.234
-87.9353, -47.4565, 355.935
-88.6108, -46.8023, 363.622
-88.8238, -45.4658, 369.282
-88.5919, -44.471, 372.985
-88.4161, -42.6687, 375.365
-88.1289, -40.5657, 376.857
-87.9825, -39.0336, 378.027
-87.4055, -36.5535, 380
-87.0769, -34.9354, 383.347
-86.3345, -32.6838, 389.032
-86.0868, -31.1168, 396.323
-85.3484, -29.1004, 404.379
-84.9132, -27.4455, 412.619
-83.809, -25.4739, 420.404
-82.855, -23.817, 427.337
-81.0841, -22.1362, 434.418
-78.644, -21.511, 438.859
-77.2833, -20.0882, 441.907
-74.6472, -18.7601, 443.961
-72.862, -17.6446, 445.122
-69.9436, -16.5374, 445.877
-67.8984, -15.6578, 446.233
-64.6821, -15.0214, 446.42
-62.2037, -14.618, 446.94
-60.204, -14.3472, 447.848
-58.766, -14.2159, 448.613
-58.362, -14.2682, 449.383
-58.2649, -14.2751, 449.895
-58.2638, -14.273, 449.756
-58.2627, -14.271, 449.626
-58.3568, -14.3212, 449.73
-59.2974, -14.3997, 450.143
-59.4647, -14.426, 450.333
-60.2409, -14.4228, 450.515
-60.7404, -14.4178, 450.454
-61.1225, -14.4176, 450.647
-61.2843, -14.4429, 452.515
-61.4117, -14.5075, 457.392
-61.4473, -14.5789, 462.378
-61.36, -14.644, 465.112
-60.8579, -14.7511, 466.1
-60.3144, -14.9673, 466.535
-58.9639, -15.3806, 466.964
-58.4315, -15.5951, 467.007
-56.3793, -16.2452, 466.96
-54.1481, -16.9002, 466.237
-52.262, -17.4339, 464.979
-49.805, -18.0342, 462.771
-47.6931, -18.4852, 459.771
-44.5917, -18.9517, 456.713
-42.3271, -19.3146, 454.803
-38.7726, -19.6984, 453.609
-36.3206, -19.899, 452.96
-32.6452, -20.3175, 453.318
-28.8166, -20.7808, 455.999
-26.5426, -21.1417, 461.122
-23.6579, -21.5658, 469.895
-21.7161, -21.5249, 482.788
-19.4114, -21.3232, 499.467
-17.5007, -21.1484, 517.251
-15.5796, -21.3832, 534.602
-14.0271, -21.9605, 550.335
-13.7148, -22.7062, 564.788
-12.4311, -24.0367, 577.948
-11.8951, -26.0402, 591.34
-11.5518, -27.7355, 600.981
-11.8294, -28.6062, 610.962
-11.4225, -29.4732, 616.689
-10.5529, -29.8158, 622.207
-9.52894, -30.2904, 627.983
-7.72599, -30.8047, 633.362
-6.73471, -31.0523, 640.734
-5.33819, -31.419, 650.869
-4.58362, -31.6112, 661.27
-4.02537, -31.6587, 669.12
-3.3433, -31.7981, 675.068
-2.63173, -31.7952, 680.064
-2.21027, -31.7832, 683.484
-1.5752, -32.4648, 685.356
-0.824404, -33.5088, 686.35
-0.026198, -34.535, 686.39
1.34096, -36.5458, 686.224
2.41646, -38.0689, 686.056
4.06572, -40.4267, 684.673
5.00621, -41.7053, 679.372
6.52487, -43.4786, 670.273
6.94861, -44.6333, 658.079
7.55029, -45.8141, 645.908
7.26082, -46.0566, 636.141
6.76475, -46.421, 626.755
5.99036, -46.9175, 621.18
5.79771, -47.2379, 615.672
5.39811, -47.5197, 611.477
5.23855, -47.6158, 609.134
5.1511, -47.6849, 610.057
5.05401, -47.8345, 613.835
5.09322, -47.9126, 617.686
5.0717, -47.9313, 619.921
5.08236, -47.9709, 620.395
5.07603, -47.954, 619.984
5.07785, -47.9405, 620.836
5.09989, -47.9462, 623.431
5.11741, -47.9924, 625.027
5.11773, -47.9917, 625.073
5.11742, -47.9351, 625.627
5.15289, -47.9637, 629.979
5.14945, -48.071, 635.525
5.13649, -48.1487, 641.355
5.15331, -48.1785, 644.434
5.15605, -48.1903, 645.31
5.15043, -48.1962, 644.836
5.14836, -48.1984, 644.661
5.14062, -48.2068, 644
5.11353, -48.2378, 641.616
5.09694, -48.2581, 640.097
5.09658, -48.2585, 640.063
5.09997, -48.2543, 640.377
5.09946, -48.2549, 640.33
5.09947, -48.2549, 640.332
5.09605, -48.2592, 640.014
5.08246, -48.2767, 638.728
5.07234, -48.2904, 637.745
5.0795, -48.2613, 638.128
5.08249, -48.2572, 638.418
5.08181, -48.2581, 638.352
5.07971, -48.261, 638.148
5.06682, -48.2788, 636.874
5.05299, -48.2522, 633.783
5.04862, -48.1913, 631.45
5.05162, -48.1272, 630.937
5.05509, -48.1211, 631.345
5.05649, -48.1443, 631.394
5.05569, -48.1687, 631.368
5.02347, -48.1167, 631.575
4.41751, -48.0967, 631.73
3.44882, -48.0665, 631.776
1.80982, -48.0636, 631.76
0.259911, -48.02, 631.611
-2.19128, -47.9761, 631.594
-5.22143, -47.8925, 631.57
-7.55448, -47.826, 631.655
-11.0013, -47.7412, 631.92
-12.4745, -47.7086, 638.532
-12.4255, -47.6953, 649.598
-12.3058, -47.6619, 659.613
-12.1632, -47.5759, 668.041
-12.2507, -47.614, 674.773
-13.2529, -47.2239, 681.497
-13.209, -47.2479, 689.312
-14.1573, -46.759, 699.122
-14.5684, -46.3035, 706.836
-15.2104, -45.9048, 713.519
-15.1905, -45.5919, 719.286
-15.5297, -45.4359, 723.609
-15.5227, -45.169, 727.062
-15.4921, -45.0345, 729.359
-15.4718, -44.8806, 730.495
-15.43, -44.7852, 730.472
-15.4099, -44.7851, 730.19
-15.4093, -44.7856, 730.239
-15.4089, -44.7859, 730.265
-15.4095, -44.7854, 730.221
-15.41, -44.785, 730.185
-15.4288, -44.8908, 730.196
-15.4489, -45.0093, 730.279
-15.5235, -45.4217, 730.302
-15.573, -45.6933, 730.294
-15.6555, -46.1493, 730.313
-15.7179, -46.4727, 730.06
-15.8372, -47.0576, 728.748
-15.9054, -47.4415, 724.279
-15.9929, -47.792, 717.48
-16.0652, -48.1593, 708.546
-16.1267, -48.3547, 697.791
-16.1065, -48.596, 688.73
-16.1543, -48.6323, 687.951
-16.1489, -48.6098, 687.465
-16.2015, -48.6176, 685.861
-15.9925, -48.9057, 682.733
-16.1077, -48.8441, 679.278
-16.1359, -48.9478, 674.975
-16.348, -48.8618, 669.387
-16.3602, -49.0161, 660.675
-16.1198, -49.375, 652.034
-16.0537, -49.5929, 646.312
-15.4962, -50.2082, 639.231
-15.6581, -50.3843, 632.8
-15.4276, -50.5597, 629.606
-15.2747, -50.746, 628.093
-15.0913, -50.7888, 628.013
-14.7606, -50.7759, 628.138
-14.4841, -50.7661, 628.209
-14.0412, -50.7526, 628.18
-13.6677, -50.7415, 628.112
-13.1088, -50.7239, 628.03
-12.7472, -50.7118, 628
-12.2108, -50.6935, 627.96
-11.8742, -50.6849, 627.693
-11.2996, -50.6408, 627.405
-10.7647, -50.5947, 627.19
-10.4172, -50.5078, 627.009
-9.87048, -50.4813, 626.8
-9.52707, -50.4641, 626.629
-8.96536, -50.4097, 626.381
-8.6511, -50.3432, 626.247
-8.03305, -50.2812, 625.998
-7.68081, -50.2342, 625.857
-7.16357, -50.2012, 625.46
-6.56045, -50.1111, 624.84
-6.22515, -50.0875, 624.293
-5.61826, -50.0163, 623.082
-5.27067, -50.0064, 620.494
-4.81481, -49.9498, 616.77
-4.75753, -49.8282, 617.401
-4.57708, -49.7412, 617.248
-4.35353, -49.6921, 617.106
-4.09943, -49.6042, 617.518
-3.80469, -49.5398, 617.465
-3.40101, -49.4513, 617.355
-2.89362, -49.3377, 617.336
-2.602, -49.2729, 617.285
-1.91548, -49.124, 616.701
-1.45067, -49.0255, 615.701
-0.944649, -48.9116, 614.398
-0.725827, -48.8419, 613.215
-0.59545, -48.8719, 611.946
-0.574269, -48.8368, 610.532
-0.527573, -48.866, 609.241
-0.491417, -48.8999, 607.871
-0.482471, -48.8872, 606.838
-0.491938, -48.8042, 605.773
-0.510989, -48.7264, 604.629
-0.460742, -48.7223, 603.425
-0.447623, -48.7094, 602.205
-0.399175, -48.704, 601.008
-0.361614, -48.7297, 599.893
-0.33202, -48.7261, 599.11
-0.336436, -48.7001, 599.144
-0.336554, -48.6973, 599.308
-0.336549, -48.6974, 599.301
-0.336544, -48.6976, 599.293
-0.336545, -48.6975, 599.295
-0.336546, -48.6975, 599.296
-0.336545, -48.6976, 599.295
-0.336545, -48.6975, 599.296
-0.336545, -48.6975, 599.295
-0.336545, -48.6975, 599.296
-0.336545, -48.6975, 599.295
-0.336545, -48.6975, 599.295
-0.336545, -48.6975, 599.295
-0.336545, -48.6976, 599.295
-0.336545, -48.6975, 599.296
-0.336545, -48.6975, 599.295
-0.336545, -48.6975, 599.295
-0.336546, -48.6975, 599.296
-0.336545, -48.6976, 599.295
-0.336546, -48.6975, 599.296
-0.336545, -48.6976, 599.294
-0.336545, -48.6975, 599.295
-0.336545, -48.6975, 599.296
-0.336545, -48.6975, 599.295
-0.336545, -48.6975, 599.295
-0.336546, -48.6975, 599.296
-0.336545, -48.6975, 599.295
-0.336545, -48.6975, 599.296
-0.336545, -48.6975, 599.295
-0.336545, -48.6975, 599.295
-0.336545, -48.6975, 599.295
-0.33394, -48.6975, 599.208
-0.274522, -48.6636, 599.12
-0.175805, -48.6055, 599.064
-0.0797862, -48.5507, 598.9
0.0661885, -48.4686, 598.537
0.195808, -48.3961, 598.119
0.427153, -48.3148, 597.721
0.555906, -48.2134, 597.214
0.744909, -48.0155, 596.601
0.890685, -47.9009, 595.967
1.13936, -47.7162, 595.18
1.40048, -47.546, 594.452
1.6038, -47.3548, 593.612
1.93449, -47.0649, 592.649
2.16328, -46.8747, 591.712
2.6166, -46.4273, 591.476
3.02506, -46.1327, 591.487
3.62587, -45.6242, 591.457
4.03683, -45.3276, 591.449
4.6659, -44.7944, 591.527
5.32334, -44.3276, 592.085
5.77729, -43.9361, 592.667
6.4307, -43.4316, 593.247
6.95722, -43.031, 593.871
7.60031, -42.5526, 594.698
7.9813, -42.251, 596.928
8.34054, -41.9511, 601.657
8.4864, -41.7759, 607.8
8.60297, -41.6475, 613.331
8.7475, -41.5503, 617.117
8.86754, -41.5161, 619.304
9.02962, -41.4561, 619.677
9.1402, -41.4391, 619.457
9.21651, -41.4264, 619.353
9.218, -41.4263, 619.343
9.21811, -41.426, 619.364
9.21798, -41.4264, 619.339
9.21809, -41.426, 619.36
9.21803, -41.4262, 619.348
9.21803, -41.4262, 619.349
9.21803, -41.4262, 619.348
9.21803, -41.4262, 619.348
9.21804, -41.4262, 619.35
9.21871, -41.4241, 619.477
9.22799, -41.3967, 621.155
9.25645, -41.3254, 625.605
9.30572, -41.2522, 631.936
9.33788, -41.3262, 636.715
9.35859, -41.334, 639.562
9.35567, -41.3929, 640.449
9.35052, -41.3994, 639.97
9.34924, -41.401, 639.851
9.34986, -41.4002, 639.909
9.33382, -41.4211, 638.383
9.30078, -41.4932, 633.406
9.29986, -41.5506, 628.069
9.33256, -41.6573, 623.993
9.34134, -41.639, 621.943
9.35979, -41.686, 621.871
9.36777, -41.6799, 622.193
9.40085, -41.6766, 622.116
9.40386, -41.676, 622.128
9.39812, -41.6587, 621.729
9.41448, -41.6731, 620.622
9.41481, -41.6721, 620.68
9.41626, -41.668, 620.935
9.41575, -41.6694, 620.846
9.41593, -41.6689, 620.877
9.41586, -41.6691, 620.865
9.41557, -41.6699, 620.815
9.41567, -41.6696, 620.832
9.32512, -41.6566, 621.03
8.98202, -41.7078, 621.19
8.05335, -41.8495, 621.285
7.3824, -41.9008, 621.394
5.16815, -42.2072, 621.552
3.90404, -42.4123, 621.8
0.990241, -42.802, 621.926
-0.989814, -43.0956, 622.521
-2.91483, -43.1646, 630.248
-2.9313, -43.0919, 636.11
-2.81001, -43.0164, 642.265
-2.85479, -42.9392, 646.762
-2.80644, -42.9119, 651.073
-2.7424, -42.8282, 654.64
-2.70256, -42.7997, 657.478
-2.68203, -42.7845, 658.998
-2.7028, -42.8281, 658.986
-2.60368, -42.9912, 657.399
-2.35525, -43.2354, 656.764
-2.10393, -43.6097, 656.362
-1.80615, -43.7653, 655.777
-1.63721, -43.7978, 655.494
-1.43832, -43.9663, 654.098
-1.30533, -44.0641, 649.915
-0.916499, -44.2538, 643.726
-0.654423, -44.4502, 637.243
-0.0356027, -44.5327, 631.867
0.309405, -44.5937, 627.709
0.891675, -44.6003, 624.825
1.53424, -44.5487, 624.102
1.94359, -44.5079, 623.956
2.55178, -44.4675, 623.971
3.11429, -44.4321, 623.978
3.86839, -44.3284, 623.982
4.44679, -44.2439, 623.93
5.41434, -44.1893, 623.923
6.08926, -44.0929, 623.957
7.14248, -43.9573, 623.974
8.2368, -43.89, 623.969
8.9542, -43.7902, 623.963
9.97053, -43.6587, 623.944
10.6647, -43.5848, 623.966
11.3976, -43.5245, 624.551
11.6752, -43.4459, 626.696
11.7429, -43.4304, 629.097
11.7557, -43.388, 630.306
11.8071, -43.3372, 630.516
11.8536, -43.3394, 630.398
11.8579, -43.3399, 630.365
11.8589, -43.3381, 630.484
11.859, -43.3379, 630.499
11.8583, -43.3391, 630.42
11.8585, -43.3388, 630.439
11.8585, -43.3388, 630.437
11.8607, -43.3348, 630.705
11.8694, -43.3423, 631.805
11.8829, -43.3201, 633.304
11.8859, -43.3153, 633.631
11.9224, -43.299, 633.267
11.923, -43.2979, 633.337
11.9227, -43.2985, 633.296
11.9228, -43.2984, 633.306
11.9227, -43.2985, 633.3
11.9215, -43.2978, 633.338
11.9117, -43.2984, 633.261
11.7493, -43.3381, 633.214
10.9064, -43.2392, 633.367
10.2673, -43.2236, 633.462
8.81523, -43.1643, 633.222
7.06866, -43.1111, 632.516
5.8286, -43.0868, 631.308
3.58453, -43.0932, 629.639
2.1812, -43.1449, 628.086
-0.0748381, -43.2743, 626.575
-1.71078, -43.4187, 624.982
-4.26078, -43.6788, 623.478
-6.17112, -43.9384, 622.994
-9.37045, -44.3195, 622.741
-12.7882, -44.8193, 623.629
-15.0504, -45.0569, 625.39
-18.5707, -45.4359, 626.387
-20.7518, -45.7077, 628.493
-22.4309, -45.6619, 634.165
-22.4673, -45.594, 638.382
-22.4462, -45.5751, 639.837
-22.4385, -45.5554, 639.62
-22.448, -45.5819, 639.373
-22.4499, -45.5865, 639.054
-22.4427, -45.5771, 639.744
-22.4261, -45.538, 640.892
-21.6035, -45.6721, 641.26
-21.0291, -45.7143, 641.021
-20.5178, -45.7888, 641.087
-19.989, -45.892, 641.126
-19.6068, -45.9672, 641.132
-19.3179, -46.0259, 640.992
-19.0425, -46.1391, 640.225
-18.8054, -46.1882, 637.873
-18.4411, -46.2818, 634.017
-18.0248, -46.1297, 630.943
-16.8863, -45.8213, 628.916
-15.3682, -45.5729, 626.732
-14.2258, -45.298, 625.26
-12.2166, -44.839, 624.013
-10.6956, -44.3912, 622.94
-8.3455, -43.8028, 622.034
-6.66363, -43.3763, 620.892
-3.99218, -42.762, 618.788
-2.16469, -42.4077, 615.215
-0.0204192, -41.8028, 607.547
1.46519, -41.5512, 597.374
3.13902, -40.945, 587.142
4.51508, -40.6466, 578.066
6.47405, -39.5321, 567.883
8.07183, -37.8311, 559.724
8.90867, -36.6228, 552.019
9.93937, -34.4686, 544.635
11.0348, -32.8706, 537.268
12.0112, -30.7926, 529.047
12.9137, -29.3239, 517.517
13.3215, -27.5874, 503.651
13.8558, -26.1334, 489.365
13.6429, -24.4575, 476.549
13.2481, -22.9449, 462.973
12.7442, -21.7175, 453.679
11.6574, -20.5736, 445.845
10.5845, -19.6019, 439.833
8.817, -19.0668, 436.045
7.6766, -18.4225, 436.138
6.51304, -18.0035, 440.877
5.71058, -17.3864, 449.449
4.8544, -17.0757, 459.412
4.03561, -16.4713, 466.299
2.58899, -15.7307, 471.913
0.720937, -14.7143, 474.925
-1.31555, -13.7305, 475.727
-2.61076, -13.0816, 472.348
-4.3675, -12.314, 464.578
-5.19785, -11.7924, 453.871
-7.15238, -11.2978, 444.925
-8.45786, -11.372, 437.935
-10.9906, -11.2732, 432.795
-12.7065, -11.7088, 429.376
-15.6063, -12.2427, 427.131
-17.7793, -12.6467, 426.412
-20.8575, -13.4392, 426.915
-23.0519, -14.1345, 428.645
-26.2128, -15.2301, 431.33
-28.5085, -15.8115, 435.155
-31.7016, -16.6217, 439.753
-33.9589, -17.1782, 444.782
-37.2588, -17.9138, 450.151
-40.6617, -18.5004, 457.133
-42.8338, -18.6212, 463.273
-45.862, -17.8483, 469.913
-48.0693, -17.9251, 476.653
-50.7913, -16.9927, 483.87
-53.1099, -16.866, 491.351
-56.0856, -16.2199, 499.071
-58.4776, -15.9564, 507.255
-60.1417, -14.3698, 516.254
-62.0415, -13.5912, 526.177
-64.7959, -12.3565, 539.043
-66.7865, -10.8598, 550.134
-67.497, -10.3504, 561.324
-69.1531, -9.3992, 571.556
-70.3617, -8.47037, 580.283
-71.8096, -7.5461, 588.148
-73.0295, -6.41732, 595.205
-73.6605, -6.14688, 600.709
-74.1699, -5.74258, 604.882
-74.5811, -5.91646, 608.235
-75.0224, -5.58361, 611.941
-75.2577, -5.41839, 614.2
-75.5144, -5.27066, 616.769
-75.7123, -5.15898, 618.8
-75.8276, -5.16042, 620.097
-75.8789, -5.16444, 620.403
-75.8828, -5.16779, 620.229
-75.8828, -5.16781, 620.227
-75.8828, -5.16767, 620.236
-75.8829, -5.16811, 620.209
-75.8829, -5.1681, 620.21
-75.883, -5.1682, 620.204
-75.883, -5.16822, 620.203
-75.8829, -5.16816, 620.206
-75.883, -5.16819, 620.204
-75.883, -5.16821, 620.203
-75.8829, -5.16816, 620.206
-75.883, -5.16819, 620.204
-75.8829, -5.16816, 620.206
-75.8829, -5.16817, 620.206
-75.8829, -5.16818, 620.205
-75.8829, -5.16817, 620.206
-75.8829, -5.16817, 620.206
-75.8829, -5.16818, 620.205
-75.8829, -5.16817, 620.205
-75.8829, -5.16818, 620.205
-75.8829, -5.16818, 620.205
-75.8829, -5.16819, 620.205
-75.8829, -5.16817, 620.206
