-45.5688, 13.1501, 270
-36.536, 14.3958, 255.709
-34.1912, 14.994, 252.845
-32.5811, 15.4852, 249.647
-30.185, 16.324, 246.358
-28.8324, 16.8556, 243.696
-27.255, 17.5705, 240.026
-26.0653, 17.951, 232.121
-25.0452, 18.4823, 221.463
-24.1894, 18.6915, 209.46
-23.0823, 19.4845, 197.032
-21.978, 20.0421, 184.255
-21.0644, 21.05, 171.904
-20.1536, 21.8419, 161.046
-19.2729, 22.5425, 153.492
-18.7257, 22.8037, 151.512
-18.1304, 22.8487, 150.576
-17.7387, 22.3552, 149.278
-17.4344, 21.8491, 147.995
-16.5923, 20.7514, 146.668
-15.9008, 19.7544, 145.575
-14.8525, 18.233, 145.498
-14.16, 17.2438, 146.037
-13.1378, 15.7295, 146.772
-12.1899, 14.3161, 147.681
-11.6087, 13.4437, 147.452
-10.8885, 12.4404, 144.7
-10.7097, 12.175, 143.878
-10.6689, 12.0962, 144.753
-10.7446, 12.0714, 143.427
-10.8463, 12.0997, 141.305
-10.8644, 12.1858, 140.202
-10.9499, 12.2814, 140.501
-10.993, 12.3268, 140.807
-11.0163, 12.3553, 140.805
-11.0159, 12.3554, 140.781
-11.015, 12.3556, 140.731
-11.0157, 12.3554, 140.769
-11.0155, 12.3555, 140.76
-11.015, 12.3556, 140.732
-11.0154, 12.3555, 140.753
-11.0152, 12.3555, 140.741
-11.0154, 12.3555, 140.753
-11.0159, 12.3554, 140.783
-11.0147, 12.3556, 140.711
-11.0153, 12.3555, 140.748
-11.0155, 12.3555, 140.762
-11.0156, 12.3555, 140.763
-11.0151, 12.3555, 140.735
-11.0152, 12.3555, 140.742
-11.015, 12.3556, 140.731
-11.0153, 12.3555, 140.748
-11.0151, 12.3555, 140.735
-11.0151, 12.3555, 140.736
-11.0153, 12.3555, 140.747
-11.0151, 12.3555, 140.736
-11.0154, 12.3555, 140.757
-11.0152, 12.3555, 140.741
-11.0151, 12.3555, 140.738
-11.0151, 12.3555, 140.739
-11.0151, 12.3555, 140.738
-11.0741, 12.4241, 140.899
-11.4464, 12.8349, 141.447
-12.011, 13.5727, 142.322
-12.5458, 14.2223, 142.89
-13.5, 15.5201, 143.27
-14.3262, 16.6249, 143.893
-15.5226, 18.2692, 143.815
-16.4087, 19.4869, 142.825
-17.7349, 21.2272, 141.21
-19.2415, 23.0746, 138.88
-20.2995, 24.287, 137.013
-21.9812, 26.1826, 135.701
-23.287, 27.5521, 134.801
-25.3249, 29.6007, 134.149
-26.631, 30.9361, 133.267
-28.8332, 33.0252, 132.053
-30.2004, 34.2921, 130.067
-32.1599, 36.2339, 126.91
-34.2442, 37.835, 124.239
-35.4659, 38.7869, 121.794
-37.6742, 40.446, 120.086
-39.1545, 41.277, 118.495
-41.5519, 42.6706, 116.924
-43.0955, 43.5926, 115.015
-45.3404, 44.7503, 111.634
-46.6894, 45.5786, 107.266
-48.8274, 46.5219, 101.888
-50.1284, 47.131, 96.1386
-52.1245, 47.892, 90.6861
-54.224, 48.3612, 87.5473
-55.5135, 48.8935, 85.0937
-57.3272, 48.9248, 83.0878
-58.4087, 49.1923, 81.6626
-58.5342, 49.2969, 80.0321
-58.6526, 49.5424, 78.4689
-58.489, 49.7011, 78.2678
-58.6592, 49.6714, 77.8062
-59.105, 49.5679, 78.4148
-59.1241, 49.5346, 78.7285
-59.1225, 49.5602, 78.6755
-59.1224, 49.5607, 78.6446
-59.1224, 49.5604, 78.6631
-59.1225, 49.5602, 78.6763
-59.0233, 49.5748, 78.9971
-58.2656, 49.7014, 79.9825
-57.6134, 49.7733, 82.0358
-56.2334, 49.9079, 84.1455
-55.0867, 49.9828, 85.8275
-53.1143, 50.081, 87.9575
-50.8234, 50.0923, 89.2297
-49.2178, 50.1037, 90.4155
-46.5231, 50.025, 91.9049
-44.6805, 49.9188, 93.3373
-41.6201, 49.7382, 94.5273
-39.5872, 49.605, 95.8927
-36.2792, 49.242, 97.4989
-34.1034, 48.9634, 99.4475
-31.2293, 48.689, 100.929
-31.1249, 49.4975, 106.019
-31.1026, 49.5513, 108.524
-31.0096, 49.7798, 109.656
-30.6864, 49.8417, 111.13
-30.3773, 50.0937, 113.444
-30.2259, 50.45, 114.821
-30.071, 50.4443, 115.563
-30.0685, 50.4461, 115.383
-30.0684, 50.4462, 115.379
-30.068, 50.4465, 115.351
-30.0578, 50.4681, 115.354
-30.0659, 50.4448, 115.389
-30.0656, 50.445, 115.369
-30.0581, 50.4679, 115.375
-30.055, 50.4669, 115.351
-30.0556, 50.4665, 115.389
-30.0552, 50.4668, 115.36
-30.0671, 50.4456, 115.377
-30.067, 50.4457, 115.366
-30.0565, 50.4675, 115.353
-30.0566, 50.4675, 115.361
-30.0566, 50.4675, 115.36
-30.0567, 50.4674, 115.364
-30.0566, 50.4675, 115.358
-30.093, 50.476, 115.896
-30.3413, 50.5269, 118.769
-30.6301, 50.7888, 123.47
-31.0965, 51.1955, 129.687
-31.3337, 51.3244, 133.671
-31.6196, 51.6178, 132.373
-31.7715, 51.5188, 128.081
-32.4102, 51.8798, 121.827
-33.0959, 51.7448, 114.658
-33.9932, 52.0095, 106.184
-34.7019, 52.0541, 96.4248
-35.8324, 52.0424, 87.1606
-36.1031, 52.0962, 81.9946
-36.4415, 52.3364, 76.4066
-36.5262, 52.7097, 68.965
-36.4843, 53.1775, 64.0326
-36.0441, 53.6878, 61.795
-35.6236, 54.1534, 60.8323
-34.4638, 54.9069, 60.0989
-33.6637, 55.3558, 60.6474
-32.3454, 56.0665, 63.4479
-31.4894, 56.6168, 66.8327
-30.3397, 57.2376, 69.6313
-29.3802, 57.7209, 72.6432
-28.1305, 57.9949, 76.9705
-26.5347, 58.3025, 78.932
-25.4614, 58.5458, 79.5194
-23.7632, 58.8256, 80.6477
-22.7347, 59.085, 80.861
-21.2373, 59.2274, 80.965
-20.1868, 59.4275, 81.5769
-18.5558, 59.6284, 82.1531
-17.3769, 59.7737, 82.8269
-15.6151, 59.993, 83.69
-13.775, 60.1424, 84.6056
-12.5701, 60.2613, 85.3212
-10.8911, 60.3769, 86.0708
-9.82719, 60.4963, 87.1706
-8.77071, 60.6074, 87.6736
-8.45495, 60.6425, 87.762
-8.17973, 60.6517, 87.853
-8.11249, 60.6541, 87.8632
-8.11227, 60.6545, 87.8348
-8.11245, 60.6542, 87.8585
-8.11216, 60.6548, 87.8199
-8.11201, 60.6551, 87.7998
-8.11219, 60.6547, 87.8241
-8.11203, 60.655, 87.8032
-8.1122, 60.6547, 87.8249
-8.1121, 60.6549, 87.8126
-8.11216, 60.6548, 87.8201
-8.11214, 60.6548, 87.8181
-8.11216, 60.6548, 87.8204
-8.11211, 60.6549, 87.8138
-8.1121, 60.6549, 87.8131
-8.1121, 60.6549, 87.8126
-8.11219, 60.6547, 87.8249
-8.11215, 60.6548, 87.8189
-8.11211, 60.6549, 87.8142
-8.11222, 60.6546, 87.8291
-8.11201, 60.6551, 87.8014
-8.11226, 60.6546, 87.8344
-8.11195, 60.6552, 87.7937
-8.11209, 60.6549, 87.8113
-8.11209, 60.6549, 87.8116
-8.11213, 60.6548, 87.817
-8.11198, 60.6552, 87.7969
-8.11211, 60.6549, 87.8143
-8.11205, 60.655, 87.8067
-8.11201, 60.6551, 87.8019
-8.11209, 60.6549, 87.8115
-8.11197, 60.6552, 87.7962
-8.11205, 60.655, 87.8071
-8.11204, 60.655, 87.8051
-8.112, 60.6551, 87.8002
-8.11198, 60.6552, 87.7973
-8.1122, 60.6547, 87.8262
-8.11205, 60.655, 87.8074
-8.11208, 60.6549, 87.8111
