-47.5234, -15.3724, -0.000600787
-47.5224, -15.4158, 0.0632154
-47.5226, -15.9744, 0.0893804
-47.5263, -16.8384, -0.23098
-47.5228, -17.6309, -0.301474
-47.5142, -19.3433, -0.413399
-47.5275, -20.6941, -0.150494
-47.5211, -22.8965, -0.561848
-47.5041, -24.5843, -1.02509
-47.4513, -27.3852, -1.18065
-47.4358, -29.3008, -1.2147
-47.3705, -32.3183, -1.29747
-47.2665, -34.9509, -0.899521
-47.292, -36.2876, -0.53244
-47.2561, -37.5477, -0.43174
-47.2524, -37.9835, -0.403491
-47.2517, -38.213, -0.46458
-47.2754, -38.2195, -0.452226
-47.2376, -38.2425, 0.463002
-47.2261, -38.4697, 3.24097
-47.3037, -39.0285, 8.05451
-47.5657, -39.8832, 16.3635
-47.7452, -40.4689, 25.2554
-48.2099, -41.5027, 35.3694
-48.5941, -42.1722, 46.3841
-49.4604, -43.1849, 58.0373
-49.8141, -43.8716, 69.2495
-50.7242, -44.833, 79.3388
-50.9905, -45.6084, 86.7308
-51.1506, -46.2118, 91.4995
-51.0821, -46.6242, 93.1022
-50.9079, -46.9978, 91.8011
-50.9749, -47.146, 90.5084
-51.2794, -47.2034, 89.5152
-52.1015, -47.2321, 89.1634
-52.7032, -47.2398, 89.0385
-53.7673, -47.2574, 88.9917
-54.4176, -47.2691, 89.0048
-55.6338, -47.29, 88.9879
-56.3745, -47.3012, 88.7957
-56.6869, -47.3321, 88.8034
-56.7236, -47.402, 88.6129
-56.6292, -47.3981, 88.5083
-56.6643, -47.3988, 88.494
-56.6765, -47.3987, 88.4697
-56.6766, -47.3989, 88.4829
-56.6767, -47.3991, 88.4951
-56.6781, -47.3991, 88.4921
-56.9476, -46.6992, 88.5123
-56.9468, -46.6976, 88.4025
-56.7465, -46.6897, 88.2788
-55.7291, -46.6707, 88.7641
-54.1634, -46.6492, 89.1648
-53.0903, -46.6196, 89.566
-50.9943, -46.6181, 90.0331
-49.4206, -46.5951, 90.8268
-46.8076, -46.6488, 91.224
-44.8392, -46.6998, 91.4753
-41.8469, -46.7878, 91.7424
-39.8179, -46.859, 92.0126
-36.5478, -46.9751, 91.9975
-33.4155, -47.0415, 91.5717
-31.8677, -47.0733, 91.1869
-29.8572, -47.1184, 90.4822
-29.4916, -47.1538, 89.5654
-29.3736, -47.1469, 89.2035
-29.3547, -47.1461, 89.1647
-29.3492, -47.147, 89.2322
-29.3491, -47.1468, 89.215
-29.349, -47.1467, 89.2097
-29.349, -47.1466, 89.2027
-29.3488, -47.1463, 89.1823
-29.349, -47.1467, 89.2106
-29.3476, -47.147, 89.2347
-29.3476, -47.1469, 89.2238
-29.3476, -47.1469, 89.2275
-29.3475, -47.1469, 89.2227
-29.3477, -47.1471, 89.2367
-29.3477, -47.1471, 89.2425
-29.3478, -47.1474, 89.257
-29.3479, -47.1475, 89.2636
-29.3477, -47.1472, 89.2429
-29.3477, -47.1471, 89.237
-29.3476, -47.1469, 89.2266
-29.3536, -47.1578, 89.9433
-29.4894, -47.1239, 92.64
-29.5281, -46.9792, 97.6054
-29.9243, -46.4587, 103.788
-30.2113, -45.8038, 113.464
-30.3523, -44.8381, 121.362
-30.4462, -43.7504, 129.78
-30.2357, -42.7233, 137.547
-29.9711, -41.5356, 143.644
-29.3615, -40.7012, 151.478
-28.9392, -39.6164, 158.977
-28.43, -38.8685, 167.88
-27.8509, -37.8966, 174.603
-27.3192, -37.5538, 179.597
-26.9725, -37.1468, 182.463
-26.9067, -37.028, 181.58
-26.8936, -37.0046, 180.752
-26.9026, -36.9977, 181.355
-26.9058, -36.9958, 181.567
-26.9043, -36.9968, 181.466
-26.8744, -36.9423, 182.797
-26.7995, -36.4633, 184.792
-26.6839, -35.982, 186.739
-26.4737, -34.9501, 188.34
-26.2476, -33.5779, 189.329
-26.06, -32.4321, 189.496
-25.7265, -30.4407, 189.716
-25.4596, -28.8781, 189.979
-25.0055, -26.3137, 190.291
-24.7337, -24.5557, 190.326
-24.2541, -21.9151, 190.086
-23.9464, -20.2064, 189.129
-23.5639, -17.7516, 187.009
-23.3669, -16.1853, 184.117
-23.1832, -13.7347, 180.876
-23.0835, -11.0346, 179.716
-23.0458, -9.25317, 179.373
-23.0779, -6.41264, 179.354
-23.0996, -4.49841, 179.526
-23.1233, -1.48228, 179.581
-23.1473, 1.58959, 179.501
-23.1658, 3.72771, 179.479
-23.195, 6.86104, 179.428
-23.2645, 9.0199, 179.382
-23.323, 12.1624, 179.373
-23.3712, 14.3963, 179.466
-23.3997, 17.543, 179.527
-23.4656, 19.715, 179.577
-23.4883, 22.9603, 179.689
-23.5521, 26.2836, 179.798
-23.6061, 28.288, 179.764
-23.6916, 31.0164, 179.568
-23.7005, 32.1604, 179.547
-23.6807, 32.6196, 179.591
-23.6816, 32.8156, 179.547
-23.6864, 33.484, 179.503
-23.6418, 33.7337, 179.602
-23.6425, 33.9449, 179.544
-23.6721, 33.9681, 181.502
-23.7281, 34.0333, 188.728
-23.6987, 34.0791, 198.724
-23.4943, 34.0736, 211.575
-23.3832, 34.0442, 227.021
-23.1312, 33.9005, 244.488
-22.9534, 33.7264, 263.29
-22.8093, 33.4286, 281.984
-22.7544, 33.2867, 294.697
-22.6973, 33.0938, 301.167
-23.0258, 33.2418, 305.073
-23.5985, 33.7374, 310.493
-24.1457, 34.2217, 315.584
-24.8167, 34.8317, 320.925
-25.1116, 34.9338, 326.363
-25.7147, 35.5574, 332.483
-26.453, 35.6306, 340.296
-27.2833, 36.4158, 349.205
-28.0935, 36.8583, 358.974
-28.8682, 37.7324, 369.339
-29.6383, 38.6239, 380.019
-30.1923, 39.9769, 393.397
-30.3146, 41.5086, 404.81
-30.4074, 42.8194, 416.246
-30.0744, 44.3396, 425.147
-29.785, 45.647, 435.511
-29.6548, 46.9782, 443.052
-29.5038, 48.0791, 447.3
-29.6143, 48.5299, 450.918
-29.9759, 48.8934, 453.271
-30.0835, 48.9255, 453.137
-30.0898, 48.9306, 452.824
-30.0844, 48.9393, 452.238
-30.085, 48.941, 452.131
-29.8669, 48.931, 452.246
-29.5083, 48.824, 453.513
-29.2389, 48.654, 455.347
-28.8713, 48.4451, 456.982
-28.8661, 48.4475, 456.784
-28.8501, 48.4468, 456.709
-28.8496, 48.4475, 456.66
-28.8494, 48.4477, 456.642
-28.8495, 48.4476, 456.652
-28.8492, 48.4481, 456.616
-28.8494, 48.4478, 456.638
-28.8492, 48.4481, 456.617
-28.8493, 48.4479, 456.625
-28.8491, 48.4481, 456.614
-28.8491, 48.4482, 456.61
-28.8491, 48.4482, 456.606
-28.8491, 48.4482, 456.605
-28.849, 48.4483, 456.603
-28.849, 48.4483, 456.601
-28.849, 48.4483, 456.596
-28.8489, 48.4484, 456.595
-28.8489, 48.4484, 456.594
-28.849, 48.4483, 456.598
-30.9805, 48.5152, 456.587
-31.0291, 48.5279, 456.112
-31.5713, 48.5312, 454.591
-32.2687, 48.58, 452.543
-33.2239, 48.5867, 450.537
-34.4935, 48.579, 449.063
-35.4971, 48.4975, 447.869
-37.299, 48.4292, 447.064
-38.7903, 48.3526, 446.603
-41.0988, 48.215, 446.53
-42.8994, 48.1529, 446.535
-45.705, 47.9835, 446.415
-47.4583, 47.8736, 446.096
-50.296, 47.677, 445.784
-52.9251, 47.5279, 445.109
-54.4285, 47.448, 444.701
-56.48, 47.3023, 444.776
-57.3, 47.1971, 445.574
-58.6525, 47.1061, 446.763
-58.8561, 47.0149, 450.795
-58.6907, 47.0035, 452.757
-58.64, 47.0129, 453.53
-58.7902, 47.0611, 452.547
-58.7407, 47.0649, 452.164
-58.7337, 47.0661, 452.07
-58.7328, 47.0928, 451.89
-58.7414, 47.0939, 451.835
-57.4988, 47.0073, 451.946
-57.4039, 46.9488, 453.819
-57.0663, 46.8865, 458.695
-56.6882, 46.8531, 465.16
-56.2344, 46.6985, 471.632
-55.2057, 46.202, 476.594
-54.491, 45.8203, 479.585
-52.9048, 44.8464, 481.511
-51.8781, 44.1787, 482.714
-50.014, 42.9452, 483.58
-48.809, 42.1185, 484.369
-46.694, 40.6363, 485.156
-45.2569, 39.5972, 485.852
-43.0035, 37.9318, 486.638
-41.4308, 36.7239, 487.59
-38.9803, 34.8046, 488.274
-36.443, 32.7522, 489.098
-34.736, 31.3406, 489.63
-31.9829, 29.0392, 489.965
-30.0815, 27.4441, 489.961
-27.1563, 25.0042, 489.762
-25.1826, 23.3109, 489.573
-22.1892, 20.8208, 489.321
-20.0794, 19.0708, 489.184
-17.2035, 16.7224, 489.265
-15.1712, 15.0425, 489.831
-12.9782, 13.0409, 493.808
-11.9004, 11.7242, 501.071
-11.6399, 11.0205, 509.731
-11.7386, 11.0746, 512.469
-11.7292, 11.2733, 510.557
-11.9144, 11.6137, 509.938
-11.9687, 11.7014, 510.154
-12.0495, 11.8425, 510.151
-12.1009, 11.9342, 510.069
-12.1079, 11.9448, 510.123
-12.1079, 11.9448, 510.124
-12.1078, 11.9448, 510.12
-12.1082, 11.9448, 510.14
-12.1088, 11.9448, 510.176
-12.1095, 11.9448, 510.216
-12.1099, 11.9448, 510.238
-12.1104, 11.9448, 510.264
-12.1128, 11.9448, 510.402
-12.1098, 11.9448, 510.235
-12.1089, 11.9448, 510.18
-12.1099, 11.9448, 510.24
-12.109, 11.9448, 510.188
-12.1094, 11.9448, 510.21
-12.1093, 11.9448, 510.204
-12.1093, 11.9448, 510.205
-12.1091, 11.9448, 510.194
-12.109, 11.9448, 510.186
-12.1093, 11.9448, 510.202
-12.1092, 11.9448, 510.196
-12.1091, 11.9448, 510.193
-12.1092, 11.9448, 510.198
-12.11, 11.9448, 510.242
-12.114, 11.9448, 510.472
-12.1138, 11.9448, 510.464
-12.1133, 11.9448, 510.434
-12.1152, 11.9448, 510.542
-12.1115, 11.9448, 510.331
-12.1096, 11.9448, 510.221
-12.111, 11.9448, 510.302
-12.1098, 11.9448, 510.23
-12.1105, 11.9448, 510.271
-12.1103, 11.9448, 510.258
-12.1102, 11.9448, 510.255
-12.1104, 11.9448, 510.264
-12.1109, 11.9462, 510.248
-12.1109, 11.9462, 510.252
-12.1109, 11.9462, 510.253
-12.1109, 11.9462, 510.251
-12.1109, 11.9462, 510.251
-12.111, 11.9462, 510.255
-12.1109, 11.9462, 510.251
-12.111, 11.9462, 510.254
-12.1109, 11.9462, 510.25
-12.1109, 11.9462, 510.252
-12.1109, 11.9462, 510.253
-12.1109, 11.9462, 510.253
-12.1109, 11.9462, 510.252
-12.1109, 11.9462, 510.253
-12.1109, 11.9462, 510.252
-12.1109, 11.9462, 510.253
-12.1109, 11.9462, 510.252
-12.1109, 11.9462, 510.252
-12.111, 11.9462, 510.254
-12.1109, 11.9462, 510.252
-12.1109, 11.9462, 510.252
-12.1109, 11.9462, 510.253
-12.1109, 11.9462, 510.253
-12.1109, 11.9462, 510.252
-12.1109, 11.9462, 510.252
-12.1109, 11.9462, 510.252
-12.1109, 11.9462, 510.253
-12.1109, 11.9462, 510.252
-12.1109, 11.9462, 510.252
-12.1109, 11.9462, 510.251
-12.1109, 11.9462, 510.253
-12.1109, 11.9462, 510.253
-12.1109, 11.9462, 510.252
-12.1109, 11.9462, 510.253
-12.1109, 11.9462, 510.252
-12.1109, 11.9462, 510.252
-12.1109, 11.9462, 510.252
-12.1109, 11.9462, 510.252
-12.1109, 11.9462, 510.253
-12.1109, 11.9462, 510.252
-12.1109, 11.9462, 510.253
-12.1109, 11.9462, 510.253
-12.1109, 11.9462, 510.253
-12.1109, 11.9462, 510.253
-12.1109, 11.9462, 510.251
-12.1109, 11.9462, 510.252
-12.1109, 11.9462, 510.253
-12.1109, 11.9462, 510.252
-12.1109, 11.9462, 510.252
-12.1109, 11.9462, 510.253
-12.1109, 11.9462, 510.253
-12.1109, 11.9462, 510.252
-12.1109, 11.9462, 510.253
-12.1109, 11.9462, 510.252
-12.1109, 11.9462, 510.252
-12.1109, 11.9462, 510.252
-12.1109, 11.9462, 510.253
-12.1109, 11.9462, 510.253
-12.1109, 11.9462, 510.252
-12.111, 11.9462, 510.254
-12.1109, 11.9462, 510.253
-12.1109, 11.9462, 510.252
-12.1109, 11.9462, 510.252
-12.1109, 11.9462, 510.253
-12.1109, 11.9462, 510.253
-12.1109, 11.9462, 510.253
-12.1109, 11.9462, 510.253
-12.1109, 11.9462, 510.252
-12.1109, 11.9462, 510.253
-12.1109, 11.9462, 510.253
-12.1109, 11.9462, 510.252
-12.1109, 11.9462, 510.252
-12.1109, 11.9462, 510.252
-12.1109, 11.9462, 510.253
-12.1109, 11.9462, 510.253
-12.1109, 11.9462, 510.253
-12.1109, 11.9462, 510.253
-12.1109, 11.9462, 510.252
-12.1109, 11.9462, 510.252
-12.1109, 11.9462, 510.253
-12.1109, 11.9462, 510.252
-12.1109, 11.9462, 510.251
-12.1109, 11.9462, 510.253
-12.1109, 11.9462, 510.251
-12.1109, 11.9462, 510.252
-12.1109, 11.9462, 510.252
-12.111, 11.9462, 510.254
-12.111, 11.9462, 510.254
-12.1109, 11.9462, 510.252
-12.1109, 11.9462, 510.252
-12.1109, 11.9462, 510.253
-12.1109, 11.9462, 510.252
-12.1109, 11.9462, 510.253
-12.1109, 11.9462, 510.253
-12.1109, 11.9462, 510.252
-12.1109, 11.9462, 510.252
-12.1109, 11.9462, 510.252
-12.1109, 11.9462, 510.251
-12.1109, 11.9462, 510.253
-12.1109, 11.9462, 510.252
-12.1109, 11.9462, 510.252
-12.1109, 11.9462, 510.253
-12.1109, 11.9462, 510.252
-12.1109, 11.9462, 510.252
-12.1109, 11.9462, 510.252
-12.1109, 11.9462, 510.253
-12.1109, 11.9462, 510.251
-12.1109, 11.9462, 510.252
-12.1109, 11.9462, 510.251
-12.1109, 11.9462, 510.251
-12.1109, 11.9462, 510.251
-12.1109, 11.9462, 510.251
-12.1109, 11.9462, 510.251
-12.1109, 11.9462, 510.252
-12.1109, 11.9462, 510.251
-12.1109, 11.9462, 510.252
-12.1109, 11.9462, 510.252
-12.1109, 11.9462, 510.252
-12.1109, 11.9462, 510.251
-12.1109, 11.9462, 510.25
-12.1109, 11.9462, 510.251
-12.1109, 11.9462, 510.252
-12.1109, 11.9462, 510.251
-12.1109, 11.9462, 510.251
-12.1109, 11.9462, 510.253
-12.1109, 11.9462, 510.251
-12.1109, 11.9462, 510.252
-12.1109, 11.9462, 510.25
-12.1109, 11.9462, 510.251
-12.1109, 11.9462, 510.251
-12.1109, 11.9462, 510.251
-12.1109, 11.9462, 510.252
-12.1109, 11.9462, 510.252
-12.1109, 11.9462, 510.251
-12.1109, 11.9462, 510.252
-12.1109, 11.9462, 510.251
-12.1109, 11.9462, 510.251
-12.1109, 11.9462, 510.252
-12.1109, 11.9462, 510.253
-12.1109, 11.9462, 510.251
-12.1109, 11.9462, 510.253
-12.1109, 11.9462, 510.253
-12.1109, 11.9462, 510.252
-12.1109, 11.9462, 510.252
-12.1109, 11.9462, 510.251
-12.1109, 11.9462, 510.251
-12.1109, 11.9462, 510.252
-12.1109, 11.9462, 510.252
-12.1109, 11.9462, 510.252
-12.1109, 11.9462, 510.251
-12.1109, 11.9462, 510.252
-12.1109, 11.9462, 510.252
-12.1109, 11.9462, 510.252
-12.1109, 11.9462, 510.252
-12.1109, 11.9462, 510.253
-12.1109, 11.9462, 510.251
-12.1109, 11.9462, 510.252
-12.1109, 11.9462, 510.252
-12.1109, 11.9462, 510.252
-12.1109, 11.9462, 510.252
-12.1109, 11.9462, 510.252
-12.1109, 11.9462, 510.253
-12.1109, 11.9462, 510.252
-12.1109, 11.9462, 510.252
-12.1109, 11.9462, 510.252
-12.1109, 11.9462, 510.253
-12.1109, 11.9462, 510.252
-12.1109, 11.9462, 510.251
-12.1109, 11.9462, 510.252
-12.1109, 11.9462, 510.252
-12.1109, 11.9462, 510.252
-12.111, 11.9462, 510.254
-12.1109, 11.9462, 510.252
-12.1109, 11.9462, 510.252
-12.1109, 11.9462, 510.253
-12.1109, 11.9462, 510.251
-12.1109, 11.9462, 510.252
-12.1109, 11.9462, 510.252
-12.1109, 11.9462, 510.252
-12.1109, 11.9462, 510.252
-12.1109, 11.9462, 510.253
-12.1109, 11.9462, 510.252
-12.1109, 11.9462, 510.253
-12.1109, 11.9462, 510.251
-12.1109, 11.9462, 510.251
-12.1096, 11.9462, 510.173
-12.3485, 12.3664, 510.007
-12.7023, 12.8866, 509.843
-13.0951, 13.563, 509.804
-13.3283, 13.9875, 508.846
-13.3197, 14.0716, 505.43
-13.3283, 14.2355, 499.152
-13.3453, 14.3282, 492.373
-13.9235, 14.7475, 490.4
-14.2696, 14.9888, 489.699
-14.7165, 15.3613, 489.563
-15.0094, 15.6024, 489.614
-15.4548, 15.975, 489.355
-15.8227, 16.2566, 488.615
-16.5083, 16.7857, 487.637
-17.2908, 17.3972, 486.625
-17.8835, 17.8413, 486.221
-18.8072, 18.5181, 486.138
-19.8097, 19.2478, 486.371
-20.5073, 19.753, 487.158
-21.222, 20.2622, 489.739
-21.454, 20.3131, 494.215
-21.8303, 20.4196, 497.756
-21.9588, 20.3208, 498.914
-21.8356, 20.1727, 499.164
-21.6731, 19.9846, 499.163
-21.4066, 19.6816, 498.983
-21.1337, 19.3725, 498.825
-20.6711, 18.8451, 498.781
-20.224, 18.3352, 498.765
-19.853, 17.9133, 498.722
-19.2733, 17.2543, 498.683
-18.8797, 16.806, 498.704
-18.2874, 16.0935, 498.753
-17.8909, 15.6768, 498.792
-17.2457, 14.9267, 499.171
-16.8556, 14.4589, 499.704
-16.2342, 13.7445, 500.218
-15.8114, 13.2622, 500.578
-15.1923, 12.5082, 500.583
-14.5823, 11.771, 500.451
-14.1668, 11.3078, 500.384
-13.5596, 10.5739, 500.394
-13.1589, 10.0947, 500.19
-12.843, 9.82809, 498.745
-12.8271, 9.90224, 497.862
-12.8527, 9.93743, 497.556
-12.8645, 9.95669, 497.271
-12.8661, 9.95772, 497.302
-12.8662, 9.9577, 497.306
-12.8665, 9.95764, 497.322
-12.8715, 9.96333, 497.31
-12.8717, 9.96327, 497.324
-12.9143, 10.0041, 497.576
-13.1039, 10.2074, 497.791
-13.1463, 10.2567, 497.675
-13.1627, 10.2761, 497.612
-13.1633, 10.276, 497.648
-13.1624, 10.2762, 497.594
-13.1624, 10.2762, 497.595
-13.1625, 10.2762, 497.602
-13.1624, 10.2762, 497.597
-13.1625, 10.2762, 497.598
-13.1625, 10.2762, 497.598
-13.1625, 10.2762, 497.601
-13.1625, 10.2762, 497.6
-13.1625, 10.2762, 497.6
-13.1625, 10.2762, 497.599
-13.1625, 10.2762, 497.6
-13.1625, 10.2762, 497.599
-13.1625, 10.2762, 497.601
-13.1625, 10.2762, 497.601
-13.1625, 10.2762, 497.6
-13.1625, 10.2762, 497.6
-13.1625, 10.2762, 497.601
-13.1625, 10.2762, 497.6
-13.1625, 10.2762, 497.6
-13.1625, 10.2762, 497.599
-13.1625, 10.2762, 497.601
-13.1625, 10.2762, 497.599
-13.1625, 10.2762, 497.6
-13.1625, 10.2762, 497.6
-13.1625, 10.2762, 497.601
-13.1625, 10.2762, 497.601
-13.1625, 10.2762, 497.6
-13.1625, 10.2762, 497.6
-13.1625, 10.2762, 497.6
-13.1625, 10.2762, 497.6
-13.1625, 10.2762, 497.6
-13.1625, 10.2762, 497.601
-13.1625, 10.2762, 497.601
-13.1625, 10.2762, 497.601
-13.1625, 10.2762, 497.599
-13.1625, 10.2762, 497.601
-13.1625, 10.2762, 497.6
-13.1625, 10.2762, 497.602
-13.1625, 10.2762, 497.6
-13.1625, 10.2762, 497.602
-13.1625, 10.2762, 497.601
-13.1625, 10.2762, 497.6
-13.1625, 10.2762, 497.601
-13.1625, 10.2762, 497.599
-13.1625, 10.2762, 497.601
-13.1625, 10.2762, 497.6
-13.1625, 10.2762, 497.601
-13.1625, 10.2762, 497.6
-13.1625, 10.2762, 497.6
-13.1625, 10.2762, 497.601
-13.1625, 10.2762, 497.6
-13.1625, 10.2762, 497.599
-13.1625, 10.2762, 497.599
-13.1625, 10.2762, 497.6
-13.1625, 10.2762, 497.6
-13.1625, 10.2762, 497.601
-13.1625, 10.2762, 497.599
-13.1625, 10.2762, 497.6
-13.1625, 10.2762, 497.599
-13.1625, 10.2762, 497.6
-13.1625, 10.2762, 497.6
-13.1625, 10.2762, 497.6
-13.1625, 10.2762, 497.601
-13.1625, 10.2762, 497.6
-13.1625, 10.2762, 497.599
-13.1625, 10.2762, 497.6
-13.1625, 10.2762, 497.601
-13.1625, 10.2762, 497.6
-13.1625, 10.2762, 497.6
-13.1625, 10.2762, 497.6
-13.1625, 10.2762, 497.6
-13.1625, 10.2762, 497.6
-13.1625, 10.2762, 497.6
-13.1625, 10.2762, 497.601
-13.1625, 10.2762, 497.6
-13.1625, 10.2762, 497.6
-13.1625, 10.2762, 497.6
-13.1625, 10.2762, 497.6
-13.1625, 10.2762, 497.6
-13.1625, 10.2762, 497.6
-13.1625, 10.2762, 497.6
-13.1625, 10.2762, 497.6
-13.1625, 10.2762, 497.599
-13.1625, 10.2762, 497.601
-13.1625, 10.2762, 497.599
-13.1625, 10.2762, 497.599
-13.1625, 10.2762, 497.598
-13.1625, 10.2762, 497.6
-13.1625, 10.2762, 497.6
-13.1625, 10.2762, 497.601
-13.1625, 10.2762, 497.601
-13.1625, 10.2762, 497.599
-13.1625, 10.2762, 497.6
-13.1625, 10.2762, 497.6
-13.1625, 10.2762, 497.6
-13.1625, 10.2762, 497.599
-13.1625, 10.2762, 497.6
-13.1625, 10.2762, 497.6
-13.1625, 10.2762, 497.6
-13.1625, 10.2762, 497.6
-13.1625, 10.2762, 497.599
-13.1625, 10.2762, 497.598
-13.1624, 10.2762, 497.596
-13.1627, 10.2761, 497.613
-13.215, 10.3341, 497.578
-13.2645, 10.3884, 497.575
-13.381, 10.5165, 497.541
-13.6435, 10.8039, 497.503
-13.9332, 11.1207, 497.474
-14.6183, 11.8679, 497.439
-15.2686, 12.5753, 497.534
-16.5241, 13.9461, 497.483
-17.5241, 15.038, 497.335
-19.2103, 16.8651, 497.123
-20.5168, 18.2718, 497.046
-22.6433, 20.5537, 496.919
-24.1332, 22.1816, 496.848
-26.5645, 24.7726, 496.716
-29.0724, 27.4339, 496.67
-30.7489, 29.287, 496.225
-32.6352, 31.2476, 493.633
-33.4379, 32.1047, 487.626
-34.6682, 33.3383, 477.498
-35.1587, 34.2317, 466.738
-35.919, 34.9975, 457.499
-36.4099, 35.8268, 449.07
-37.1444, 36.4355, 441.496
-37.8701, 36.9475, 434.367
-38.2546, 37.3425, 430.356
-38.6802, 37.5075, 427.479
-38.7807, 37.6843, 426.817
-38.8482, 37.7781, 428.9
-38.9411, 37.9193, 433.933
-38.9918, 38.0148, 439.704
-39.0141, 38.0957, 443.692
-39.0397, 38.2111, 445.449
-39.0437, 38.2304, 445.744
-39.0426, 38.2326, 445.602
-39.0512, 38.2147, 446.742
-39.061, 38.1952, 447.995
-39.0607, 38.1958, 447.956
-39.0578, 38.2015, 447.589
-39.0579, 38.2013, 447.599
-39.0578, 38.2016, 447.585
-39.0578, 38.2016, 447.582
-39.0577, 38.2017, 447.577
-39.0577, 38.2017, 447.572
-39.0577, 38.2017, 447.577
-39.0577, 38.2017, 447.574
-39.0577, 38.2017, 447.577
-39.0577, 38.2017, 447.576
-39.0577, 38.2017, 447.576
-39.0577, 38.2017, 447.577
-39.0577, 38.2017, 447.575
-39.0577, 38.2017, 447.576
-39.0577, 38.2017, 447.576
-39.0577, 38.2017, 447.576
-39.0577, 38.2017, 447.576
-39.0577, 38.2017, 447.576
-39.0577, 38.2017, 447.576
-39.0577, 38.2017, 447.576
-39.0577, 38.2017, 447.576
-39.0577, 38.2017, 447.576
-39.0577, 38.2017, 447.576
-39.0577, 38.2017, 447.576
-39.0577, 38.2017, 447.575
-39.0577, 38.2017, 447.576
-39.0577, 38.2017, 447.576
-39.0577, 38.2017, 447.576
-39.0577, 38.2017, 447.576
-39.0577, 38.2017, 447.576
-39.0577, 38.2017, 447.576
-39.0577, 38.2017, 447.576
-39.0577, 38.2017, 447.576
-39.0577, 38.2017, 447.576
-39.0577, 38.2017, 447.576
-39.0577, 38.2017, 447.576
-39.0577, 38.2017, 447.576
-39.0577, 38.2017, 447.576
-39.0577, 38.2017, 447.576
-39.0577, 38.2017, 447.575
-39.0577, 38.2017, 447.576
-39.0577, 38.2017, 447.576
-39.0577, 38.2017, 447.576
-39.0577, 38.2017, 447.576
-39.0577, 38.2017, 447.575
-39.0577, 38.2017, 447.577
-39.0577, 38.2017, 447.576
-39.0577, 38.2017, 447.576
-39.0577, 38.2017, 447.575
-39.0577, 38.2017, 447.576
-39.0577, 38.2017, 447.576
-39.0577, 38.2017, 447.576
-39.0577, 38.2017, 447.576
-39.0577, 38.2017, 447.576
-39.0577, 38.2017, 447.577
-39.0577, 38.2017, 447.576
-39.0577, 38.2017, 447.576
-39.0577, 38.2017, 447.576
-39.0577, 38.2017, 447.577
-39.0577, 38.2017, 447.576
-39.0577, 38.2017, 447.576
-39.0577, 38.2017, 447.577
-39.0577, 38.2017, 447.576
-39.0577, 38.2017, 447.576
-39.0577, 38.2017, 447.576
-39.0577, 38.2017, 447.576
-39.0577, 38.2017, 447.576
-39.0577, 38.2017, 447.576
-39.0577, 38.2017, 447.576
-39.0577, 38.2017, 447.576
-39.0577, 38.2017, 447.576
-39.0577, 38.2017, 447.576
-39.0577, 38.2017, 447.575
-39.0577, 38.2017, 447.576
-39.0577, 38.2017, 447.576
-39.0577, 38.2017, 447.577
-39.0577, 38.2017, 447.576
-39.0577, 38.2017, 447.577
-39.0577, 38.2017, 447.576
-39.0577, 38.2017, 447.576
-39.0577, 38.2017, 447.575
-39.0577, 38.2017, 447.576
-39.0577, 38.2017, 447.576
-39.0577, 38.2017, 447.576
-39.0577, 38.2017, 447.576
-39.0577, 38.2017, 447.576
-39.0577, 38.2017, 447.576
-39.0577, 38.2017, 447.576
-39.0577, 38.2017, 447.576
-39.0577, 38.2017, 447.576
-39.0577, 38.2017, 447.576
-39.0577, 38.2017, 447.576
-39.0577, 38.2017, 447.576
-39.0579, 38.2012, 447.604
-39.0591, 38.1989, 447.753
-39.0591, 38.199, 447.747
-39.058, 38.201, 447.616
-39.0584, 38.2003, 447.663
-39.0582, 38.2007, 447.639
-39.0582, 38.2006, 447.643
-39.0583, 38.2006, 447.645
-39.0582, 38.2007, 447.641
-39.0582, 38.2007, 447.642
-39.0582, 38.2007, 447.641
-39.0582, 38.2007, 447.642
-39.0582, 38.2007, 447.642
-39.0582, 38.2007, 447.642
-39.0582, 38.2007, 447.642
-39.0582, 38.2007, 447.642
-39.0582, 38.2007, 447.642
-39.0582, 38.2006, 447.642
-39.0582, 38.2007, 447.641
-39.0582, 38.2007, 447.642
-39.0583, 38.2005, 447.653
-39.0593, 38.1985, 447.782
-39.0615, 38.1943, 448.054
-39.0793, 38.2346, 450.122
-39.1185, 38.2589, 454.96
-39.1416, 38.3555, 463.102
-39.0342, 38.4149, 474.43
-38.9872, 38.6167, 488.424
-39.0323, 38.7207, 504.93
-38.924, 38.894, 523.313
-38.7954, 39.0243, 542.402
-38.6502, 39.0974, 559.319
-38.5269, 39.1617, 576.188
-38.4513, 39.2311, 588.202
-38.5488, 39.3848, 590.589
-38.6813, 39.6242, 590.928
-38.7506, 39.7042, 591.57
-38.7557, 39.7379, 591.936
-38.7557, 39.7379, 591.935
-38.7556, 39.7373, 591.901
-38.7566, 39.736, 591.877
-38.7565, 39.7354, 591.841
-38.7496, 39.7427, 591.941
-38.6988, 39.7827, 591.953
-38.5671, 39.8852, 591.918
-38.4622, 39.9679, 591.946
-38.2592, 40.1269, 591.955
-38.1189, 40.2348, 591.85
-37.8488, 40.4472, 591.849
-37.7272, 40.5454, 592.005
-37.6052, 40.6411, 592.028
-37.604, 40.6424, 592.05
-37.7265, 40.5782, 592.089
-37.9708, 40.3801, 591.738
-38.2027, 40.2077, 592.223
-38.5622, 39.9679, 592.57
-38.9183, 39.7109, 593.25
-39.4006, 39.3834, 594.519
-39.7423, 39.1759, 596.122
-40.2566, 38.8451, 597.846
-40.5701, 38.6573, 599.59
-41.0379, 38.3129, 601.386
-41.5086, 38.0011, 603.707
-41.9348, 37.7272, 605.703
-42.4977, 37.4137, 607.654
-42.9035, 37.1838, 609.639
-43.5895, 36.8792, 612.044
-44.2587, 36.6009, 613.742
-44.7172, 36.4363, 614.647
-45.3075, 36.2575, 615.018
-45.6434, 36.1706, 615.173
-46.0928, 36.0508, 615.133
-46.2871, 35.9995, 615.146
-46.4858, 35.9461, 615.104
-46.5838, 35.9194, 615.068
-46.636, 35.9047, 615.018
-46.6358, 35.9054, 615.06
-46.6296, 35.8825, 615.073
-46.6295, 35.8826, 615.085
-46.6295, 35.8828, 615.097
-46.6294, 35.883, 615.109
-46.6294, 35.8832, 615.119
-46.6293, 35.8833, 615.127
-46.6294, 35.8832, 615.12
-46.6294, 35.8832, 615.119
-46.6293, 35.8833, 615.125
-46.6294, 35.8832, 615.121
-46.6294, 35.8832, 615.119
-46.6293, 35.8833, 615.124
-46.6293, 35.8832, 615.122
-46.6294, 35.8832, 615.117
-46.6294, 35.8831, 615.114
-46.6294, 35.8829, 615.099
-46.6295, 35.8828, 615.095
-46.6295, 35.8828, 615.093
-46.6436, 35.8966, 614.635
-46.6468, 35.8446, 611.425
-46.6127, 35.7452, 603.007
-46.6421, 35.7248, 591.961
-46.7371, 35.8741, 577.952
-46.9114, 35.9219, 557.943
-47.1573, 36.0253, 539.318
-47.2854, 35.907, 518.955
-47.5658, 35.7796, 497.302
-47.6242, 35.5364, 474.36
-47.7211, 35.2944, 450.533
-47.5885, 35.0207, 425.786
-47.4177, 34.7313, 400.404
-47.2056, 34.6049, 374.306
-47.0203, 34.3689, 347.572
-46.7526, 34.5455, 320.301
-46.5911, 34.6377, 292.493
-46.5799, 34.9897, 259.103
-46.6154, 35.195, 234.553
-46.5878, 35.5651, 212.397
-46.7215, 35.6847, 191.865
-46.9779, 35.8172, 173.123
-47.0557, 35.7917, 156.08
-47.2551, 35.7042, 141.038
-47.3513, 35.6399, 127.789
-47.4848, 35.6212, 116.482
-47.6312, 35.5742, 107.022
-47.7402, 35.4466, 98.1287
-47.839, 35.3214, 92.7663
-47.8171, 35.2805, 89.1077
-47.839, 35.2369, 87.2055
-47.836, 35.193, 86.9427
-47.8389, 35.1872, 87.3116
-47.839, 35.1871, 87.3225
-47.8389, 35.1873, 87.3089
-47.8389, 35.1872, 87.3157
-47.8389, 35.1872, 87.3153
-47.8389, 35.1872, 87.3124
-47.8389, 35.1872, 87.3128
-47.8389, 35.1872, 87.3121
-47.8389, 35.1872, 87.3131
-47.8389, 35.1872, 87.3129
-47.8389, 35.1872, 87.3132
-47.8389, 35.1872, 87.3127
-47.8389, 35.1872, 87.3124
-47.8389, 35.1872, 87.313
-47.8389, 35.1872, 87.3126
-47.8389, 35.1872, 87.3125
-47.8389, 35.1872, 87.312
-47.8389, 35.1872, 87.3126
-47.8389, 35.1872, 87.3124
-47.8389, 35.1872, 87.3123
-47.8389, 35.1872, 87.3128
-47.8389, 35.1872, 87.3123
-47.8389, 35.1872, 87.3124
-47.8389, 35.1872, 87.3128
-47.8389, 35.1872, 87.3121
-47.8389, 35.1872, 87.312
-47.8389, 35.1872, 87.3118
-47.8389, 35.1872, 87.3125
-47.8389, 35.1872, 87.3127
-47.8389, 35.1872, 87.3124
-47.8389, 35.1872, 87.3121
-47.8389, 35.1872, 87.3119
-47.8389, 35.1872, 87.3122
-47.8389, 35.1872, 87.3126
-47.8389, 35.1872, 87.3124
-47.8389, 35.1872, 87.3122
-47.8389, 35.1872, 87.3125
-47.8389, 35.1872, 87.3121
-47.8389, 35.1872, 87.3121
-47.8389, 35.1872, 87.3119
-47.8389, 35.1872, 87.3124
-47.8389, 35.1872, 87.312
-47.8389, 35.1872, 87.3118
-47.8389, 35.1872, 87.3123
-47.8389, 35.1872, 87.3121
-47.8389, 35.1872, 87.3123
-47.8389, 35.1872, 87.3121
-47.8389, 35.1872, 87.3123
-47.8389, 35.1872, 87.3113
-47.8389, 35.1872, 87.3121
-47.8389, 35.1872, 87.3124
-47.8389, 35.1872, 87.3122
-47.8389, 35.1872, 87.3124
-47.8389, 35.1872, 87.3122
-47.8389, 35.1872, 87.312
-47.8389, 35.1872, 87.3118
-47.8389, 35.1872, 87.3121
-47.8389, 35.1872, 87.3118
-47.8389, 35.1872, 87.3117
-47.8389, 35.1872, 87.3119
-47.8389, 35.1872, 87.3121
-47.8389, 35.1872, 87.3125
-47.8389, 35.1872, 87.3121
-47.8389, 35.1872, 87.312
-47.8389, 35.1872, 87.3117
-47.8389, 35.1872, 87.3116
-47.8389, 35.1872, 87.3118
-47.8389, 35.1872, 87.3119
-47.8389, 35.1872, 87.3117
-47.8389, 35.1872, 87.3119
-47.8389, 35.1872, 87.3121
-47.8389, 35.1872, 87.3119
-47.8389, 35.1872, 87.3113
-47.8389, 35.1872, 87.3119
-47.8389, 35.1872, 87.312
-47.8389, 35.1872, 87.3121
-47.8389, 35.1872, 87.3118
-47.8389, 35.1872, 87.3115
-47.8389, 35.1872, 87.3122
-47.8389, 35.1872, 87.3119
-47.8389, 35.1872, 87.3111
-47.8389, 35.1872, 87.312
-47.8389, 35.1872, 87.312
-47.8389, 35.1872, 87.3119
-47.8389, 35.1872, 87.312
-47.8389, 35.1872, 87.312
-47.8389, 35.1872, 87.3116
-47.8389, 35.1872, 87.3121
-47.8398, 35.1855, 87.4199
-47.8404, 35.1842, 87.5031
-47.8401, 35.1848, 87.4677
-47.8399, 35.1853, 87.434
-47.8398, 35.1854, 87.4297
-47.8399, 35.1853, 87.4329
-47.8399, 35.1853, 87.4323
-47.84, 35.1851, 87.4498
-47.8416, 35.1819, 87.6545
-47.8421, 35.1809, 87.7167
-47.8411, 35.1828, 87.5944
-47.8411, 35.1829, 87.5908
-47.841, 35.1831, 87.5789
-47.8411, 35.183, 87.5855
-47.841, 35.183, 87.5843
-47.8423, 35.1805, 87.7424
-47.8426, 35.18, 87.7742
-47.8422, 35.1808, 87.7244
-47.8413, 35.1824, 87.6209
-47.8415, 35.1821, 87.6418
-47.8416, 35.182, 87.6488
-47.8414, 35.1823, 87.6306
-47.8421, 35.1809, 87.7177
-47.8438, 35.1776, 87.9333
-47.8471, 35.1712, 88.3477
-47.8465, 35.1724, 88.2662
-47.8441, 35.177, 87.973
-47.8444, 35.1765, 88.0006
-47.8443, 35.1767, 87.989
-47.8443, 35.1767, 87.9895
-47.8443, 35.1767, 87.9897
-47.8443, 35.1767, 87.9918
-47.8443, 35.1767, 87.9908
-47.8443, 35.1766, 87.9934
-47.8443, 35.1767, 87.9912
-47.8443, 35.1766, 87.9932
-47.8443, 35.1767, 87.9919
-47.8443, 35.1766, 87.9932
-47.8443, 35.1767, 87.9914
-47.8443, 35.1767, 87.9928
-47.8443, 35.1767, 87.9915
-47.8443, 35.1767, 87.9921
-47.8443, 35.1767, 87.9914
-47.8443, 35.1767, 87.9923
-47.8443, 35.1767, 87.9917
-47.8443, 35.1767, 87.9922
-47.8443, 35.1767, 87.9919
-47.8443, 35.1767, 87.9922
-47.8443, 35.1767, 87.9918
-47.8443, 35.1767, 87.992
-47.8443, 35.1767, 87.9917
-47.8443, 35.1767, 87.9921
-47.8443, 35.1767, 87.9919
-47.8443, 35.1767, 87.9919
-47.8443, 35.1767, 87.9918
-47.8443, 35.1767, 87.9926
-47.8443, 35.1767, 87.9923
-47.8443, 35.1767, 87.9925
-47.8443, 35.1767, 87.992
-47.8443, 35.1767, 87.992
-47.8443, 35.1767, 87.9921
-47.8443, 35.1767, 87.9918
-47.8443, 35.1767, 87.9924
-47.8443, 35.1767, 87.9919
-47.8443, 35.1767, 87.9921
-47.8443, 35.1767, 87.9924
-47.8447, 35.176, 88.0339
-47.8456, 35.1742, 88.1511
-47.8458, 35.1738, 88.1793
-47.8458, 35.1738, 88.1787
-47.8448, 35.1757, 88.0541
-47.8448, 35.1757, 88.0524
-47.8446, 35.1761, 88.0319
-47.8447, 35.1759, 88.0446
-47.8447, 35.176, 88.037
-47.8447, 35.1759, 88.0409
-47.8447, 35.176, 88.0379
-47.8449, 35.1755, 88.0661
-47.8466, 35.1723, 88.2729
-47.847, 35.1716, 88.3178
-47.8465, 35.1726, 88.2576
-47.8448, 35.1759, 88.0441
-47.8451, 35.1753, 88.083
-47.845, 35.1755, 88.0685
-47.8449, 35.1757, 88.0574
-47.8449, 35.1756, 88.0626
-47.8449, 35.1756, 88.0585
-47.846, 35.1735, 88.1959
-47.8509, 35.1643, 88.7949
-47.8558, 35.1551, 89.3933
-47.8546, 35.1574, 89.2429
-47.852, 35.1622, 88.9313
-47.852, 35.1622, 88.9295
-47.8519, 35.1624, 88.9179
-47.8519, 35.1623, 88.9218
-47.8519, 35.1624, 88.9199
-47.8519, 35.1623, 88.9228
-47.8519, 35.1624, 88.9194
-47.8519, 35.1623, 88.9227
-47.8519, 35.1624, 88.9205
-47.8519, 35.1623, 88.9223
-47.8519, 35.1624, 88.9209
-47.8519, 35.1623, 88.9212
-47.8519, 35.1624, 88.9208
-47.8519, 35.1624, 88.9207
-47.8519, 35.1623, 88.9212
-47.8519, 35.1623, 88.921
-47.8519, 35.1623, 88.9209
-47.8519, 35.1623, 88.9212
-47.8519, 35.1623, 88.9212
-47.8519, 35.1623, 88.9207
-47.8519, 35.1623, 88.9208
-47.8519, 35.1623, 88.921
-47.8519, 35.1623, 88.921
-47.8519, 35.1623, 88.9211
-47.8519, 35.1623, 88.9211
-47.8519, 35.1623, 88.9209
-47.8519, 35.1624, 88.9205
-47.8519, 35.1623, 88.9213
-47.8519, 35.1623, 88.9214
-47.8519, 35.1624, 88.9209
-47.8519, 35.1624, 88.9207
-47.8519, 35.1624, 88.9211
-47.8519, 35.1624, 88.9206
-47.8519, 35.1624, 88.9208
-47.8519, 35.1623, 88.9212
-47.8519, 35.1624, 88.9206
-47.8519, 35.1624, 88.9208
-47.8519, 35.1623, 88.9212
-47.8519, 35.1624, 88.9203
-47.8519, 35.1623, 88.9219
-47.8519, 35.1624, 88.92
-47.8519, 35.1623, 88.9212
-47.8519, 35.1624, 88.9208
-47.8519, 35.1624, 88.9202
-47.8519, 35.1623, 88.9215
-47.8519, 35.1624, 88.92
-47.8519, 35.1623, 88.9211
-47.8519, 35.1624, 88.92
-47.8519, 35.1624, 88.9205
-47.8519, 35.1624, 88.9198
-47.8519, 35.1623, 88.9209
-47.8519, 35.1624, 88.9202
-47.8519, 35.1623, 88.9211
-47.8519, 35.1624, 88.9201
-47.8519, 35.1624, 88.9205
-47.8519, 35.1624, 88.9202
-47.8519, 35.1623, 88.9212
-47.8519, 35.1623, 88.9212
-47.8519, 35.1624, 88.9209
-47.8519, 35.1624, 88.9207
-47.8519, 35.1624, 88.9205
-47.8519, 35.1623, 88.9209
-47.8519, 35.1624, 88.9199
-47.8519, 35.1624, 88.9206
-47.8519, 35.1624, 88.9206
-47.8519, 35.1624, 88.9203
-47.8519, 35.1624, 88.9197
-47.8519, 35.1623, 88.9207
-47.8519, 35.1623, 88.9208
-47.8519, 35.1623, 88.9219
-47.8519, 35.1623, 88.9206
-47.8519, 35.1623, 88.9211
-47.8519, 35.1623, 88.9212
-47.8519, 35.1623, 88.9211
-47.8519, 35.1623, 88.9216
-47.8519, 35.1623, 88.9212
-47.8519, 35.1623, 88.9207
-47.8519, 35.1623, 88.921
-47.8519, 35.1623, 88.921
-47.8519, 35.1623, 88.9208
-47.8519, 35.1623, 88.9211
-47.8519, 35.1623, 88.921
-47.8519, 35.1623, 88.9212
-47.8519, 35.1623, 88.9209
-47.8519, 35.1623, 88.9209
-47.8519, 35.1623, 88.921
-47.8519, 35.1623, 88.9215
-47.8519, 35.1623, 88.9212
-47.8519, 35.1623, 88.9211
-47.8519, 35.1623, 88.9209
-47.8519, 35.1623, 88.921
-47.8526, 35.1611, 89.0028
-47.8527, 35.1608, 89.0218
-47.8529, 35.1606, 89.0352
-47.8529, 35.1605, 89.0387
-47.8529, 35.1606, 89.0373
-47.8529, 35.1606, 89.0379
-47.8529, 35.1606, 89.0377
-47.8529, 35.1606, 89.0377
-47.8529, 35.1606, 89.037
-47.8529, 35.1606, 89.0386
-47.8528, 35.1608, 89.0234
-47.8521, 35.162, 88.9429
-47.8522, 35.1619, 88.9525
-47.8522, 35.1619, 88.9538
-47.8521, 35.1619, 88.9505
-47.8535, 35.1594, 89.1135
-47.8538, 35.1589, 89.1459
-47.8537, 35.1591, 89.1352
-47.8522, 35.1617, 88.9625
-47.8525, 35.1613, 88.9885
-47.8523, 35.1616, 88.9714
-47.8524, 35.1615, 88.977
-47.8538, 35.1588, 89.1516
-47.8575, 35.152, 89.5966
-47.857, 35.153, 89.5365
-47.8541, 35.1583, 89.1851
-47.8543, 35.1579, 89.2136
-47.8541, 35.1583, 89.1873
-47.8542, 35.1581, 89.2
-47.8542, 35.1582, 89.1941
-47.8541, 35.1583, 89.1879
-47.8541, 35.1582, 89.1916
-47.8541, 35.1582, 89.1898
-47.8541, 35.1583, 89.1885
-47.8541, 35.1583, 89.1887
-47.8541, 35.1583, 89.1884
-47.8541, 35.1583, 89.1883
-47.8541, 35.1583, 89.1887
-47.8541, 35.1583, 89.1882
-47.8541, 35.1583, 89.1886
-47.8541, 35.1583, 89.1882
-47.8541, 35.1583, 89.1884
-47.8541, 35.1583, 89.1883
-47.8541, 35.1583, 89.1884
-47.8541, 35.1583, 89.1885
-47.8541, 35.1583, 89.1891
-47.8541, 35.1583, 89.1888
-47.8541, 35.1583, 89.1886
-47.8541, 35.1583, 89.1888
-47.8541, 35.1583, 89.1888
-47.8541, 35.1583, 89.1886
-47.8541, 35.1583, 89.1886
-47.8541, 35.1583, 89.1886
-47.8541, 35.1583, 89.1884
-47.8541, 35.1583, 89.1879
-47.8541, 35.1583, 89.1888
-47.8541, 35.1583, 89.1879
-47.8541, 35.1583, 89.1883
-47.8541, 35.1583, 89.1889
-47.8541, 35.1583, 89.1883
-47.8541, 35.1583, 89.1882
-47.8541, 35.1583, 89.1881
-47.8541, 35.1583, 89.1886
-47.8541, 35.1583, 89.1887
-47.8552, 35.1563, 89.3177
-47.8566, 35.1538, 89.4845
-47.8613, 35.1481, 89.8559
-47.8614, 35.1479, 89.8686
-47.8575, 35.1549, 89.4109
-47.8574, 35.155, 89.3996
-47.8571, 35.1556, 89.3602
-47.8574, 35.1552, 89.3895
-47.8573, 35.1554, 89.3773
-47.8572, 35.1555, 89.3725
-47.8573, 35.1554, 89.3769
-47.8572, 35.1555, 89.3725
-47.8572, 35.1555, 89.3692
-47.8572, 35.1555, 89.3719
-47.8572, 35.1555, 89.3696
-47.8572, 35.1555, 89.371
-47.8572, 35.1555, 89.3697
-47.8572, 35.1555, 89.3703
-47.8572, 35.1555, 89.37
-47.8572, 35.1555, 89.3702
-47.8572, 35.1555, 89.3706
-47.8572, 35.1555, 89.3697
-47.8572, 35.1555, 89.37
-47.8572, 35.1555, 89.3696
-47.8572, 35.1555, 89.3699
-47.8572, 35.1555, 89.3694
-47.8572, 35.1555, 89.3704
-47.8572, 35.1555, 89.3706
-47.8572, 35.1555, 89.3703
-47.8572, 35.1555, 89.3697
-47.8572, 35.1555, 89.3697
-47.8572, 35.1555, 89.37
-47.8572, 35.1555, 89.3698
-47.8572, 35.1555, 89.3698
-47.8572, 35.1555, 89.3695
-47.8572, 35.1555, 89.3699
-47.8572, 35.1555, 89.37
-47.8572, 35.1555, 89.3697
-47.8572, 35.1555, 89.3697
-47.8572, 35.1555, 89.3702
-47.8572, 35.1555, 89.3702
-47.8572, 35.1555, 89.3698
-47.8572, 35.1555, 89.37
-47.8572, 35.1555, 89.3703
-47.8572, 35.1555, 89.3696
-47.8572, 35.1555, 89.3703
-47.8572, 35.1555, 89.37
-47.8572, 35.1555, 89.37
-47.8572, 35.1555, 89.37
-47.8572, 35.1555, 89.37
-47.8572, 35.1555, 89.3701
-47.8572, 35.1555, 89.3701
-47.8572, 35.1555, 89.3691
-47.8572, 35.1555, 89.3698
-47.8572, 35.1555, 89.3698
-47.8572, 35.1555, 89.3697
-47.8572, 35.1555, 89.3699
-47.8572, 35.1554, 89.3725
-47.8584, 35.1533, 89.5111
-47.8585, 35.1531, 89.5257
-47.8585, 35.1532, 89.5222
-47.8572, 35.1555, 89.3703
-47.8575, 35.1549, 89.4077
-47.8574, 35.1552, 89.3916
-47.8573, 35.1553, 89.3831
-47.8579, 35.1542, 89.4557
-47.8591, 35.152, 89.5966
-47.859, 35.1521, 89.5889
-47.858, 35.1541, 89.462
-47.8573, 35.1553, 89.3812
-47.8574, 35.1552, 89.3909
-47.8574, 35.155, 89.4011
-47.8573, 35.1552, 89.3889
-47.8588, 35.1525, 89.5637
-47.8597, 35.1509, 89.6721
-47.8603, 35.1498, 89.7401
-47.8587, 35.1528, 89.5451
-47.8574, 35.1552, 89.3897
-47.8576, 35.1547, 89.4234
-47.8576, 35.1547, 89.418
-47.8575, 35.1549, 89.4064
-47.8575, 35.155, 89.4034
-47.8575, 35.1549, 89.4061
-47.8574, 35.155, 89.4014
-47.8575, 35.155, 89.4026
-47.8574, 35.155, 89.4013
-47.8575, 35.155, 89.4022
-47.8575, 35.155, 89.4018
-47.8575, 35.155, 89.4025
-47.8575, 35.155, 89.4015
-47.8575, 35.155, 89.4014
-47.8575, 35.155, 89.4012
-47.8575, 35.155, 89.4014
-47.8575, 35.155, 89.4018
-47.8575, 35.155, 89.4015
-47.8575, 35.155, 89.4015
-47.8574, 35.155, 89.4009
-47.8575, 35.155, 89.4018
-47.8575, 35.155, 89.402
-47.8575, 35.155, 89.4015
-47.8574, 35.155, 89.4012
-47.8575, 35.155, 89.4014
-47.8575, 35.155, 89.4013
-47.8575, 35.155, 89.4011
-47.8575, 35.155, 89.4014
-47.8575, 35.155, 89.4017
-47.8575, 35.155, 89.4017
-47.8575, 35.155, 89.4019
-47.8575, 35.155, 89.4017
-47.8575, 35.155, 89.4019
-47.8575, 35.155, 89.4011
-47.8575, 35.155, 89.4012
-47.8575, 35.155, 89.4021
-47.8575, 35.155, 89.4014
-47.8584, 35.1533, 89.5109
-47.8589, 35.1523, 89.5751
-47.8594, 35.1515, 89.6295
-47.86, 35.1504, 89.7023
-47.8584, 35.1533, 89.5143
-47.8576, 35.1548, 89.4154
-47.8575, 35.1549, 89.4083
-47.8576, 35.1547, 89.4217
-47.8575, 35.1548, 89.4109
-47.8575, 35.1549, 89.4093
-47.8575, 35.1548, 89.4123
-47.8581, 35.1538, 89.4791
-47.8601, 35.1503, 89.7102
-47.8602, 35.1499, 89.7312
-47.8598, 35.1508, 89.6761
-47.8574, 35.155, 89.3966
-47.8579, 35.1542, 89.4526
-47.8577, 35.1545, 89.4311
-47.8577, 35.1546, 89.4263
-47.8588, 35.1524, 89.567
-47.8608, 35.1489, 89.8009
-47.8608, 35.149, 89.7942
-47.8596, 35.1511, 89.655
-47.8575, 35.1549, 89.4041
-47.8581, 35.1539, 89.4741
-47.8579, 35.1541, 89.4572
-47.8595, 35.1513, 89.6436
-47.8593, 35.1516, 89.6226
-47.8584, 35.1531, 89.5229
-47.8581, 35.1538, 89.4793
-47.8581, 35.1538, 89.4786
-47.8582, 35.1537, 89.4877
-47.8581, 35.1538, 89.4785
-47.858, 35.1539, 89.475
-47.8581, 35.1538, 89.4799
-47.858, 35.1539, 89.4728
-47.858, 35.1539, 89.4713
-47.858, 35.1539, 89.4703
-47.858, 35.1539, 89.4718
-47.858, 35.1539, 89.4711
-47.858, 35.1539, 89.4713
-47.858, 35.1539, 89.4711
-47.858, 35.1539, 89.471
-47.858, 35.1539, 89.4712
-47.858, 35.1539, 89.4711
-47.858, 35.1539, 89.4716
-47.858, 35.1539, 89.4707
-47.858, 35.1539, 89.4716
-47.858, 35.1539, 89.471
-47.858, 35.1539, 89.4714
-47.858, 35.1539, 89.4712
-47.858, 35.1539, 89.4715
-47.858, 35.1539, 89.471
-47.858, 35.1539, 89.4711
-47.858, 35.1539, 89.4708
-47.858, 35.1539, 89.4716
-47.858, 35.1539, 89.4708
-47.858, 35.1539, 89.4711
-47.858, 35.1539, 89.4708
-47.858, 35.1539, 89.4716
-47.858, 35.1539, 89.4711
-47.858, 35.1539, 89.4715
-47.858, 35.1539, 89.4716
-47.858, 35.1539, 89.4717
-47.8584, 35.1531, 89.5229
-47.8589, 35.1523, 89.5747
-47.8592, 35.1517, 89.6139
-47.8593, 35.1515, 89.6276
-47.8581, 35.1537, 89.4847
-47.8579, 35.1541, 89.4631
-47.8579, 35.1542, 89.4545
-47.8581, 35.1538, 89.4793
-47.8605, 35.1494, 89.7643
-47.8659, 35.1399, 90.3943
-47.8835, 35.1104, 92.3647
-47.891, 35.0984, 93.1797
-47.8869, 35.1049, 92.7373
-47.8855, 35.1072, 92.5831
-47.8861, 35.1061, 92.6543
-47.8858, 35.1066, 92.62
-47.8859, 35.1065, 92.6304
-47.8854, 35.1073, 92.5752
-47.8792, 35.1174, 91.8936
-47.8755, 35.1235, 91.4831
-47.8771, 35.1209, 91.6591
-47.877, 35.121, 91.6521
-47.8767, 35.1215, 91.6199
-47.874, 35.1261, 91.3118
-47.8681, 35.1361, 90.6436
-47.8645, 35.1423, 90.2334
-47.866, 35.1398, 90.4035
-47.8658, 35.1401, 90.3822
-47.8659, 35.1399, 90.3973
-47.8658, 35.1401, 90.3837
-47.8659, 35.14, 90.3907
-47.8658, 35.1401, 90.382
-47.8658, 35.1401, 90.3826
-47.8658, 35.1401, 90.381
-47.8658, 35.1401, 90.3826
-47.8658, 35.1401, 90.3816
-47.8658, 35.1401, 90.3828
-47.8658, 35.1401, 90.3817
-47.8658, 35.1401, 90.3825
-47.8658, 35.1401, 90.3824
-47.8658, 35.1401, 90.3816
-47.8658, 35.1401, 90.3827
-47.8658, 35.1401, 90.382
-47.8658, 35.1401, 90.3824
-47.8658, 35.1401, 90.3825
-47.8658, 35.1401, 90.3823
-47.8658, 35.1401, 90.382
-47.8658, 35.1401, 90.3827
-47.8658, 35.1401, 90.3818
-47.8658, 35.1401, 90.3823
-47.8658, 35.1401, 90.3824
-47.8658, 35.1401, 90.382
-47.8658, 35.1401, 90.3824
-47.8658, 35.1401, 90.3822
-47.8658, 35.1401, 90.3822
-47.8658, 35.1401, 90.3817
-47.8658, 35.1401, 90.3823
-47.8658, 35.1401, 90.3819
-47.8658, 35.1401, 90.3817
-47.8658, 35.1401, 90.3816
-47.8658, 35.1401, 90.3821
-47.8658, 35.1401, 90.382
-47.8658, 35.1401, 90.3824
-47.8658, 35.1401, 90.3819
-47.8658, 35.1401, 90.382
-47.8658, 35.1401, 90.3818
-47.8658, 35.1401, 90.3824
-47.8658, 35.1401, 90.3821
-47.8658, 35.1401, 90.3827
-47.8658, 35.1401, 90.3828
-47.8658, 35.1401, 90.3824
-47.8658, 35.1401, 90.3822
-47.8658, 35.1401, 90.3822
-47.8658, 35.1401, 90.3823
-47.8649, 35.1416, 90.2811
-47.8631, 35.1448, 90.0721
-47.8591, 35.1519, 89.6062
-47.8555, 35.1585, 89.1726
-47.8539, 35.1614, 88.9821
-47.8567, 35.1563, 89.3178
-47.8572, 35.1554, 89.3798
-47.8573, 35.1553, 89.3837
-47.8572, 35.1554, 89.3753
-47.8572, 35.1554, 89.3784
-47.8572, 35.1554, 89.3759
-47.8572, 35.1554, 89.376
-47.8572, 35.1554, 89.377
-47.8572, 35.1554, 89.375
-47.8572, 35.1554, 89.3746
-47.8572, 35.1554, 89.3749
-47.8572, 35.1554, 89.375
-47.8572, 35.1554, 89.375
-47.8572, 35.1554, 89.3754
-47.8572, 35.1554, 89.3753
-47.8572, 35.1554, 89.3753
-47.8572, 35.1554, 89.3752
-47.8572, 35.1554, 89.375
-47.8572, 35.1554, 89.3757
-47.8572, 35.1554, 89.3753
-47.8572, 35.1554, 89.3751
-47.8572, 35.1554, 89.3754
-47.8572, 35.1554, 89.3748
-47.8572, 35.1554, 89.3751
-47.8572, 35.1554, 89.3746
-47.8572, 35.1554, 89.3752
-47.8572, 35.1554, 89.3752
-47.8572, 35.1554, 89.375
-47.8572, 35.1554, 89.375
-47.8572, 35.1554, 89.3751
-47.8572, 35.1554, 89.3753
-47.8572, 35.1554, 89.3752
-47.8572, 35.1554, 89.3755
-47.8572, 35.1554, 89.3748
-47.8572, 35.1554, 89.3756
-47.8572, 35.1554, 89.3754
-47.8572, 35.1554, 89.3754
-47.8572, 35.1554, 89.3754
-47.8572, 35.1554, 89.3757
-47.8572, 35.1554, 89.3759
-47.8572, 35.1555, 89.3751
-47.8572, 35.1554, 89.3757
-47.8572, 35.1554, 89.3752
-47.8572, 35.1554, 89.3758
-47.8572, 35.1554, 89.3754
-47.8572, 35.1554, 89.3752
-47.8572, 35.1554, 89.3758
-47.8572, 35.1554, 89.3755
-47.8572, 35.1554, 89.3754
-47.8572, 35.1554, 89.3755
-47.8572, 35.1554, 89.376
-47.8572, 35.1554, 89.3758
-47.8572, 35.1554, 89.3755
-47.8572, 35.1554, 89.3761
-47.8572, 35.1554, 89.3757
-47.8572, 35.1555, 89.3754
-47.8572, 35.1555, 89.3753
-47.8572, 35.1554, 89.3777
-47.8573, 35.1554, 89.3803
-47.8605, 35.1496, 89.7625
-47.8631, 35.1449, 90.0665
-47.8626, 35.1458, 90.0109
-47.8616, 35.1476, 89.8902
-47.8616, 35.1474, 89.9009
-47.8616, 35.1476, 89.8935
-47.8629, 35.1452, 90.0456
-47.865, 35.1415, 90.2925
-47.868, 35.1364, 90.6328
-47.8671, 35.1379, 90.5299
-47.8645, 35.1424, 90.2306
-47.8647, 35.1421, 90.2517
-47.8644, 35.1425, 90.2256
-47.8646, 35.1422, 90.2437
-47.8645, 35.1423, 90.2381
-47.8645, 35.1424, 90.2347
-47.8645, 35.1424, 90.235
-47.8645, 35.1424, 90.2335
-47.8645, 35.1424, 90.2331
-47.8645, 35.1424, 90.2334
-47.8645, 35.1424, 90.2332
-47.8645, 35.1424, 90.2331
-47.8645, 35.1424, 90.2331
-47.8645, 35.1424, 90.2327
-47.8645, 35.1424, 90.2321
-47.8645, 35.1424, 90.2327
-47.8645, 35.1424, 90.232
-47.8645, 35.1424, 90.2322
-47.8645, 35.1424, 90.2327
-47.8645, 35.1424, 90.2326
-47.8645, 35.1424, 90.232
-47.8645, 35.1424, 90.2326
-47.8645, 35.1424, 90.2322
-47.8645, 35.1424, 90.2324
-47.8645, 35.1424, 90.2327
-47.8645, 35.1424, 90.2327
-47.8645, 35.1424, 90.2332
-47.8645, 35.1424, 90.2332
-47.8645, 35.1424, 90.2334
-47.8645, 35.1424, 90.2323
-47.8645, 35.1424, 90.2325
-47.8645, 35.1424, 90.2323
-47.8645, 35.1424, 90.2328
-47.8645, 35.1424, 90.2325
-47.8645, 35.1424, 90.2323
-47.8645, 35.1424, 90.233
-47.8645, 35.1424, 90.2324
-47.8645, 35.1424, 90.2327
-47.8645, 35.1424, 90.2327
-47.8645, 35.1424, 90.2331
-47.8645, 35.1424, 90.2327
-47.8645, 35.1424, 90.2331
-47.8645, 35.1424, 90.2327
-47.8645, 35.1424, 90.2323
-47.8645, 35.1424, 90.2327
-47.8645, 35.1424, 90.232
-47.8645, 35.1424, 90.2326
-47.8645, 35.1424, 90.2325
-47.8645, 35.1424, 90.2322
-47.8645, 35.1424, 90.2327
-47.8645, 35.1424, 90.2326
-47.8645, 35.1424, 90.233
-47.8645, 35.1424, 90.2323
-47.8645, 35.1424, 90.2327
-47.8645, 35.1424, 90.2322
-47.8645, 35.1424, 90.2319
-47.8645, 35.1424, 90.2326
-47.8645, 35.1424, 90.2331
-47.8645, 35.1424, 90.2326
-47.8645, 35.1424, 90.2328
-47.8645, 35.1425, 90.2305
-47.8644, 35.1426, 90.2201
-47.8605, 35.1496, 89.7624
-47.8583, 35.1535, 89.5059
-47.8599, 35.1506, 89.6939
-47.8607, 35.1492, 89.7854
-47.8605, 35.1495, 89.767
-47.8604, 35.1496, 89.7584
-47.8605, 35.1495, 89.7667
-47.8605, 35.1496, 89.7598
-47.8604, 35.1497, 89.7559
-47.8604, 35.1497, 89.7566
-47.8604, 35.1497, 89.7559
-47.8604, 35.1497, 89.7564
-47.8604, 35.1497, 89.7566
-47.8604, 35.1497, 89.7565
-47.8604, 35.1497, 89.7557
-47.8604, 35.1497, 89.7564
-47.8604, 35.1497, 89.7559
-47.8604, 35.1497, 89.756
-47.8604, 35.1497, 89.7562
-47.8604, 35.1497, 89.756
-47.8604, 35.1496, 89.7568
-47.8604, 35.1497, 89.7557
-47.8604, 35.1497, 89.7559
-47.8604, 35.1496, 89.7566
-47.8604, 35.1497, 89.756
-47.8604, 35.1497, 89.7556
-47.8604, 35.1497, 89.7565
-47.8604, 35.1497, 89.7566
-47.8604, 35.1497, 89.7565
-47.8604, 35.1497, 89.7563
-47.8604, 35.1497, 89.7563
-47.8604, 35.1497, 89.7564
-47.8604, 35.1497, 89.7561
-47.8604, 35.1497, 89.7559
-47.8604, 35.1497, 89.7569
-47.8604, 35.1497, 89.7565
-47.8604, 35.1497, 89.7564
-47.8604, 35.1497, 89.7561
-47.8604, 35.1497, 89.7563
-47.8604, 35.1497, 89.7566
-47.8604, 35.1497, 89.7562
-47.8604, 35.1497, 89.7567
-47.8604, 35.1497, 89.7562
-47.8604, 35.1497, 89.756
-47.8604, 35.1497, 89.7559
-47.8604, 35.1497, 89.7563
-47.8604, 35.1497, 89.7563
-47.8604, 35.1497, 89.7564
-47.8604, 35.1497, 89.7561
-47.8604, 35.1497, 89.756
-47.8604, 35.1497, 89.7562
-47.8604, 35.1497, 89.7566
-47.8604, 35.1497, 89.7568
-47.8604, 35.1497, 89.7562
-47.8604, 35.1497, 89.7557
-47.8604, 35.1497, 89.7565
-47.8604, 35.1497, 89.7562
-47.8604, 35.1497, 89.756
-47.8604, 35.1497, 89.7565
-47.8604, 35.1497, 89.7566
-47.8604, 35.1497, 89.7557
-47.8604, 35.1497, 89.7565
-47.8604, 35.1497, 89.7571
-47.8604, 35.1497, 89.7562
-47.8604, 35.1497, 89.7565
-47.8604, 35.1497, 89.7561
-47.8604, 35.1497, 89.7561
-47.8604, 35.1497, 89.7564
-47.8604, 35.1497, 89.7562
-47.8604, 35.1497, 89.7558
-47.8604, 35.1497, 89.7563
-47.8604, 35.1497, 89.7559
-47.8604, 35.1497, 89.7561
-47.8604, 35.1497, 89.756
-47.8604, 35.1497, 89.7554
-47.8604, 35.1497, 89.7563
-47.8604, 35.1497, 89.7554
-47.8604, 35.1497, 89.7558
-47.8604, 35.1497, 89.7553
-47.8604, 35.1497, 89.7559
-47.8604, 35.1497, 89.7556
-47.8604, 35.1497, 89.7561
-47.8604, 35.1497, 89.7564
-47.8604, 35.1497, 89.756
-47.8604, 35.1497, 89.7558
-47.8604, 35.1497, 89.7558
-47.8604, 35.1497, 89.7563
-47.8604, 35.1497, 89.7556
-47.8604, 35.1497, 89.7561
-47.8604, 35.1497, 89.756
-47.8604, 35.1497, 89.7555
-47.8604, 35.1497, 89.7561
-47.8604, 35.1497, 89.7561
-47.8604, 35.1497, 89.7554
-47.8604, 35.1497, 89.756
-47.8604, 35.1497, 89.7557
-47.8604, 35.1497, 89.7558
-47.8604, 35.1497, 89.7558
-47.8604, 35.1497, 89.756
-47.8604, 35.1497, 89.7558
-47.8604, 35.1497, 89.7556
-47.8604, 35.1497, 89.756
-47.8604, 35.1497, 89.756
-47.8604, 35.1497, 89.7559
-47.8604, 35.1497, 89.7554
-47.8604, 35.1497, 89.7553
-47.8604, 35.1497, 89.7553
-47.8604, 35.1497, 89.7552
-47.8604, 35.1497, 89.7551
-47.8604, 35.1497, 89.755
-47.8604, 35.1497, 89.7558
-47.8604, 35.1497, 89.7556
-47.8604, 35.1497, 89.7553
-47.8604, 35.1497, 89.7552
-47.8604, 35.1497, 89.7549
-47.8604, 35.1497, 89.7554
-47.8604, 35.1497, 89.7557
-47.8604, 35.1497, 89.7556
-47.8604, 35.1497, 89.7556
-47.8604, 35.1497, 89.7551
-47.8604, 35.1497, 89.7551
-47.8604, 35.1497, 89.7557
-47.8604, 35.1497, 89.7556
-47.8604, 35.1497, 89.7559
-47.8604, 35.1497, 89.7556
-47.8604, 35.1497, 89.7569
-47.8605, 35.1496, 89.7596
-47.8625, 35.146, 89.9973
-47.8621, 35.1468, 89.9496
-47.8617, 35.1475, 89.9019
-47.8617, 35.1473, 89.9119
-47.8627, 35.1457, 90.0192
-47.8625, 35.146, 90.0028
-47.8619, 35.1471, 89.9295
-47.862, 35.1468, 89.9438
-47.8621, 35.1468, 89.9492
-47.862, 35.1468, 89.9457
-47.862, 35.1469, 89.9415
-47.862, 35.1469, 89.9403
-47.862, 35.1469, 89.9413
-47.862, 35.1469, 89.9406
-47.862, 35.1469, 89.9412
-47.862, 35.1469, 89.9409
-47.862, 35.1469, 89.9413
-47.862, 35.1469, 89.9411
-47.862, 35.1469, 89.9415
-47.862, 35.1469, 89.9407
-47.862, 35.1469, 89.9409
-47.862, 35.1469, 89.9404
-47.862, 35.1469, 89.9409
-47.862, 35.1469, 89.941
-47.862, 35.1469, 89.9409
-47.862, 35.1469, 89.9409
-47.862, 35.1469, 89.9408
-47.862, 35.1469, 89.9406
-47.862, 35.1469, 89.9405
-47.862, 35.1469, 89.9399
-47.862, 35.1469, 89.9407
-47.862, 35.1469, 89.9406
-47.862, 35.1469, 89.9405
-47.862, 35.1469, 89.9409
-47.862, 35.1469, 89.9404
-47.862, 35.1469, 89.941
-47.862, 35.1469, 89.941
-47.862, 35.1469, 89.9405
-47.862, 35.1469, 89.9407
-47.862, 35.1469, 89.9404
-47.862, 35.1469, 89.9405
-47.862, 35.1469, 89.9409
-47.862, 35.1469, 89.9399
-47.862, 35.1469, 89.9404
-47.862, 35.1469, 89.9409
-47.862, 35.1469, 89.9406
-47.862, 35.1469, 89.9407
-47.862, 35.1469, 89.9404
-47.862, 35.1469, 89.9405
-47.862, 35.1469, 89.9409
-47.862, 35.1469, 89.9406
-47.862, 35.1469, 89.9405
-47.862, 35.1469, 89.9404
-47.862, 35.1469, 89.9404
-47.862, 35.1469, 89.941
-47.862, 35.1469, 89.9404
-47.862, 35.1469, 89.9407
-47.862, 35.1469, 89.9408
-47.862, 35.1469, 89.9404
-47.862, 35.1469, 89.9407
-47.862, 35.1469, 89.9407
-47.862, 35.1469, 89.9407
-47.862, 35.1469, 89.9408
-47.862, 35.1469, 89.9412
-47.862, 35.1469, 89.9408
-47.862, 35.1469, 89.9404
-47.862, 35.1469, 89.9407
-47.862, 35.1469, 89.9405
-47.862, 35.1469, 89.9407
-47.862, 35.1469, 89.9406
-47.862, 35.1469, 89.9402
-47.862, 35.1469, 89.9413
-47.862, 35.1469, 89.9406
-47.862, 35.1469, 89.9405
-47.862, 35.1469, 89.9405
-47.862, 35.1469, 89.9405
-47.862, 35.1469, 89.941
-47.862, 35.1469, 89.9409
-47.862, 35.1469, 89.9408
-47.862, 35.1469, 89.9404
-47.862, 35.1469, 89.9401
-47.862, 35.1469, 89.941
-47.862, 35.1469, 89.9397
-47.862, 35.1469, 89.9404
-47.862, 35.1469, 89.9401
-47.862, 35.1469, 89.9405
-47.862, 35.1469, 89.9399
-47.862, 35.1469, 89.9398
-47.862, 35.1469, 89.9401
-47.862, 35.1469, 89.9405
-47.862, 35.1469, 89.9398
-47.862, 35.1469, 89.9405
-47.862, 35.1469, 89.9403
-47.862, 35.1469, 89.9407
-47.862, 35.1469, 89.9403
-47.862, 35.1469, 89.9404
-47.862, 35.1469, 89.9403
-47.862, 35.1469, 89.9397
-47.862, 35.1469, 89.9402
-47.862, 35.1469, 89.9403
-47.862, 35.1469, 89.9401
-47.862, 35.1469, 89.9401
-47.862, 35.1469, 89.9399
-47.862, 35.1469, 89.9403
-47.862, 35.1469, 89.9412
-47.862, 35.1469, 89.9403
-47.862, 35.1469, 89.9403
-47.862, 35.1469, 89.9405
-47.862, 35.1469, 89.9404
-47.862, 35.1469, 89.94
-47.862, 35.1469, 89.9402
-47.862, 35.1469, 89.9408
-47.862, 35.1469, 89.9406
-47.862, 35.1469, 89.9404
-47.862, 35.1469, 89.9403
-47.862, 35.1469, 89.9403
-47.862, 35.1469, 89.9404
-47.862, 35.1469, 89.94
-47.862, 35.1469, 89.9406
-47.862, 35.1469, 89.9402
-47.862, 35.1469, 89.9405
-47.862, 35.1469, 89.9404
-47.862, 35.1469, 89.94
-47.862, 35.1469, 89.9401
-47.862, 35.1469, 89.9408
-47.862, 35.1469, 89.941
-47.862, 35.1469, 89.9406
-47.862, 35.1469, 89.9401
-47.862, 35.1469, 89.941
-47.862, 35.1469, 89.9404
-47.862, 35.1469, 89.9403
-47.862, 35.1469, 89.9406
-47.862, 35.1469, 89.9404
-47.862, 35.1469, 89.9405
-47.862, 35.1469, 89.9406
-47.862, 35.1469, 89.9406
-47.862, 35.1469, 89.9407
-47.862, 35.1469, 89.9409
-47.862, 35.1469, 89.9406
-47.862, 35.1469, 89.9403
-47.862, 35.1469, 89.9405
-47.862, 35.1469, 89.9409
-47.862, 35.1469, 89.9407
-47.862, 35.1468, 89.9414
-47.862, 35.1469, 89.9407
-47.862, 35.1469, 89.941
-47.862, 35.1469, 89.9405
-47.862, 35.1469, 89.9406
-47.8619, 35.1469, 89.9399
-47.862, 35.1469, 89.9406
-47.862, 35.1469, 89.9408
-47.862, 35.1469, 89.9409
-47.862, 35.1469, 89.941
-47.862, 35.1469, 89.9407
-47.862, 35.1468, 89.9415
-47.862, 35.1468, 89.9414
-47.862, 35.1469, 89.9404
-47.862, 35.1469, 89.941
-47.862, 35.1469, 89.9412
-47.862, 35.1469, 89.9407
-47.862, 35.1469, 89.941
-47.862, 35.1469, 89.9402
-47.862, 35.1469, 89.9402
-47.862, 35.1469, 89.9409
-47.862, 35.1469, 89.9404
-47.862, 35.1469, 89.9405
-47.862, 35.1469, 89.9403
-47.862, 35.1469, 89.9401
-47.862, 35.1469, 89.9398
-47.862, 35.1469, 89.9404
-47.862, 35.1469, 89.9403
-47.862, 35.1469, 89.9407
-47.862, 35.1469, 89.9411
-47.862, 35.1469, 89.9408
-47.862, 35.1469, 89.9408
-47.862, 35.1469, 89.9402
-47.862, 35.1469, 89.9404
-47.862, 35.1469, 89.941
-47.862, 35.1469, 89.9408
-47.862, 35.1469, 89.9406
-47.862, 35.1469, 89.9411
-47.862, 35.1469, 89.9404
-47.862, 35.1469, 89.9404
-47.862, 35.1469, 89.9404
-47.862, 35.1469, 89.9407
-47.862, 35.1469, 89.9404
-47.862, 35.1469, 89.9403
-47.862, 35.1469, 89.9403
-47.862, 35.1469, 89.9405
-47.862, 35.1469, 89.9404
-47.862, 35.1469, 89.9406
-47.862, 35.1469, 89.9406
-47.862, 35.1469, 89.9412
-47.862, 35.1469, 89.9408
-47.862, 35.1469, 89.941
-47.862, 35.1469, 89.941
-47.862, 35.1469, 89.9414
-47.862, 35.1469, 89.9411
-47.862, 35.1469, 89.9409
-47.862, 35.1469, 89.9412
-47.862, 35.1469, 89.9407
-47.862, 35.1469, 89.941
-47.862, 35.1469, 89.9408
-47.862, 35.1469, 89.9415
-47.862, 35.1469, 89.9413
-47.862, 35.1469, 89.9411
-47.8619, 35.1469, 89.9404
-47.8619, 35.1469, 89.9409
-47.8619, 35.1469, 89.9405
-47.8619, 35.1469, 89.9406
-47.862, 35.1469, 89.9413
-47.862, 35.1469, 89.9411
-47.862, 35.1469, 89.9414
-47.862, 35.1469, 89.9409
-47.862, 35.1469, 89.941
-47.862, 35.1469, 89.9415
-47.8619, 35.1469, 89.9409
-47.862, 35.1469, 89.9414
-47.8619, 35.1469, 89.9412
-47.862, 35.1469, 89.9412
-47.862, 35.1469, 89.9415
-47.862, 35.1469, 89.9417
-47.8619, 35.1469, 89.9408
-47.8619, 35.1469, 89.9412
-47.862, 35.1469, 89.942
-47.8619, 35.1469, 89.9411
-47.8619, 35.1469, 89.9413
-47.8619, 35.1469, 89.9414
-47.862, 35.1469, 89.9417
-47.8619, 35.1469, 89.9412
-47.8619, 35.1469, 89.9412
-47.8619, 35.1469, 89.941
-47.8619, 35.1469, 89.9414
-47.8619, 35.1469, 89.9412
-47.8619, 35.1469, 89.9409
-47.8619, 35.1469, 89.9406
-47.8619, 35.1469, 89.9406
-47.8619, 35.1469, 89.9405
-47.8619, 35.1469, 89.9415
-47.8619, 35.1469, 89.9406
-47.8619, 35.1469, 89.9418
-47.8619, 35.1469, 89.9407
-47.8619, 35.1469, 89.9419
-47.8619, 35.1469, 89.9422
-47.8619, 35.1469, 89.9414
-47.8619, 35.1469, 89.9411
-47.8619, 35.147, 89.9352
-47.8618, 35.1471, 89.93
-47.8618, 35.1471, 89.9307
-47.8619, 35.1471, 89.9314
-47.8617, 35.1474, 89.9112
-47.8614, 35.1479, 89.8767
-47.8613, 35.1481, 89.8637
-47.861, 35.1485, 89.8356
-47.8608, 35.149, 89.8053
-47.8604, 35.1496, 89.7651
-47.8601, 35.1503, 89.7217
-47.8596, 35.151, 89.6708
-47.8593, 35.1517, 89.6266
-47.8583, 35.1535, 89.5076
-47.857, 35.1558, 89.358
-47.8559, 35.1577, 89.2319
-47.8551, 35.1592, 89.133
-47.8531, 35.1629, 88.8941
-47.849, 35.1205, 88.532
-47.8133, 35.1057, 88.0041
-47.744, 35.0458, 87.3876
-47.7215, 35.0257, 87.2014
-47.7227, 35.0234, 87.3499
-47.7243, 35.0203, 87.551
-47.7256, 35.0177, 87.7129
-47.7267, 35.0156, 87.848
-47.7272, 35.0146, 87.9154
-47.7273, 35.0143, 87.9324
-47.7276, 35.0138, 87.9678
-47.7279, 35.0132, 88.007
-47.7289, 35.0114, 88.124
-47.7298, 35.0096, 88.2394
-47.7302, 35.0089, 88.2867
-47.7303, 35.0087, 88.2968
-47.7301, 35.0091, 88.2697
-47.7296, 35.0099, 88.2201
-47.7298, 35.0097, 88.2336
-47.7297, 35.0098, 88.2223
-47.7297, 35.0098, 88.2227
-47.7297, 35.0098, 88.2237
-47.7296, 35.0099, 88.2199
-47.7297, 35.0099, 88.2216
-47.7297, 35.0099, 88.2217
-47.7297, 35.0099, 88.2214
-47.7297, 35.0099, 88.2219
-47.7297, 35.0099, 88.2216
-47.7297, 35.0099, 88.2217
-47.7297, 35.0099, 88.2214
-47.7297, 35.0099, 88.2217
-47.7297, 35.0099, 88.2215
-47.7297, 35.0099, 88.2214
-47.7297, 35.0099, 88.2218
-47.7297, 35.0099, 88.2214
-47.7297, 35.0099, 88.2218
-47.7297, 35.0099, 88.2217
-47.7297, 35.0099, 88.2212
-47.7297, 35.0099, 88.2215
-47.7297, 35.0099, 88.2219
-47.7297, 35.0099, 88.221
-47.7297, 35.0099, 88.2213
-47.7297, 35.0099, 88.2212
-47.7297, 35.0099, 88.2216
-47.7297, 35.0099, 88.2213
-47.7297, 35.0099, 88.2218
-47.7297, 35.0099, 88.2216
-47.7297, 35.0099, 88.2213
-47.7297, 35.0099, 88.2215
-47.7297, 35.0099, 88.2216
-47.7297, 35.0099, 88.2217
-47.7297, 35.0099, 88.2216
-47.7297, 35.0099, 88.2213
-47.7297, 35.0099, 88.221
-47.7297, 35.0099, 88.2214
-47.7297, 35.0099, 88.2217
-47.7297, 35.0099, 88.2214
-47.7297, 35.0099, 88.2216
-47.7297, 35.0099, 88.2213
-47.7297, 35.0099, 88.2216
-47.7297, 35.0099, 88.221
-47.7297, 35.0099, 88.2217
-47.7297, 35.0099, 88.2212
-47.7297, 35.0099, 88.2213
-47.7297, 35.0099, 88.2213
-47.7297, 35.0099, 88.2212
-47.7297, 35.0099, 88.2214
-47.7297, 35.0099, 88.2215
-47.7297, 35.0099, 88.221
-47.7297, 35.0099, 88.2213
-47.7297, 35.0099, 88.2216
-47.7297, 35.0099, 88.221
-47.7297, 35.0099, 88.2216
-47.7297, 35.0099, 88.2212
-47.7297, 35.0099, 88.2211
-47.7297, 35.0099, 88.2207
-47.7297, 35.0099, 88.2211
-47.7297, 35.0099, 88.2214
-47.7297, 35.0099, 88.2211
-47.7297, 35.0099, 88.2215
-47.7297, 35.0099, 88.2209
-47.7297, 35.0099, 88.2211
-47.7297, 35.0099, 88.2214
-47.7297, 35.0099, 88.2214
-47.7297, 35.0099, 88.2205
-47.7297, 35.0099, 88.2215
-47.7297, 35.0099, 88.2208
-47.7297, 35.0099, 88.2212
-47.7297, 35.0099, 88.2209
-47.7297, 35.0099, 88.2213
-47.7297, 35.0099, 88.2214
-47.7297, 35.0099, 88.2213
-47.7297, 35.0099, 88.2213
-47.7297, 35.0099, 88.2214
-47.7297, 35.0099, 88.2214
-47.7297, 35.0099, 88.2216
-47.7297, 35.0099, 88.2212
-47.7297, 35.0099, 88.221
-47.7297, 35.0099, 88.2211
-47.7297, 35.0099, 88.2215
-47.7297, 35.0099, 88.2209
-47.7297, 35.0099, 88.221
-47.7297, 35.0099, 88.2215
-47.7297, 35.0099, 88.2218
-47.7297, 35.0099, 88.2214
-47.7297, 35.0099, 88.2215
-47.7297, 35.0099, 88.2216
-47.7297, 35.0099, 88.2218
-47.7297, 35.0099, 88.2213
-47.7297, 35.0099, 88.2209
-47.7297, 35.0099, 88.2219
-47.7297, 35.0099, 88.2213
-47.7297, 35.0099, 88.2207
-47.7297, 35.0099, 88.2214
-47.7297, 35.0099, 88.2214
-47.7297, 35.0099, 88.2212
-47.7297, 35.0099, 88.2219
-47.7297, 35.0099, 88.2213
-47.7297, 35.0099, 88.221
-47.7297, 35.0099, 88.2219
-47.7297, 35.0099, 88.2218
-47.7297, 35.0099, 88.2214
-47.7297, 35.0099, 88.2211
-47.7297, 35.0099, 88.2215
-47.7297, 35.0099, 88.2218
-47.7297, 35.0099, 88.2208
-47.7297, 35.0099, 88.2214
-47.7297, 35.0099, 88.2209
-47.7296, 35.0099, 88.2197
-47.7297, 35.0099, 88.2209
-47.7297, 35.0098, 88.2234
-47.7296, 35.0099, 88.2184
-47.7296, 35.0099, 88.2206
-47.7296, 35.0099, 88.2205
-47.7296, 35.0099, 88.2187
-47.7297, 35.0099, 88.2228
-47.7297, 35.0099, 88.2211
-47.7296, 35.0099, 88.2204
-47.7297, 35.0099, 88.2217
-47.7296, 35.0099, 88.2195
-47.7296, 35.0099, 88.2209
-47.7296, 35.0099, 88.2207
-47.7296, 35.0099, 88.2205
-47.7297, 35.0099, 88.2218
-47.7296, 35.0099, 88.2208
-47.7296, 35.0099, 88.221
-47.7297, 35.0099, 88.2214
-47.7296, 35.0099, 88.2206
-47.7297, 35.0099, 88.2214
-47.7297, 35.0099, 88.2212
-47.7296, 35.0099, 88.221
-47.7297, 35.0099, 88.2213
-47.7296, 35.0099, 88.2208
-47.7296, 35.0099, 88.2212
-47.7296, 35.0099, 88.221
-47.7296, 35.0099, 88.2205
-47.7296, 35.0099, 88.2208
-47.7296, 35.0099, 88.221
-47.7296, 35.0099, 88.2208
-47.7296, 35.0099, 88.2206
-47.7296, 35.0099, 88.2212
-47.7296, 35.0099, 88.2217
-47.7296, 35.0099, 88.2209
-47.7296, 35.0099, 88.2215
-47.7296, 35.0099, 88.221
-47.7296, 35.0099, 88.2211
-47.7296, 35.0099, 88.2213
-47.7296, 35.0099, 88.2211
-47.7296, 35.0098, 88.2214
-47.7296, 35.0099, 88.2213
-47.7296, 35.0099, 88.2213
-47.7296, 35.0098, 88.2216
-47.7296, 35.0098, 88.2218
-47.7296, 35.0099, 88.2214
-47.7296, 35.0099, 88.2215
-47.7296, 35.0099, 88.2213
-47.7296, 35.0099, 88.2214
-47.7296, 35.0099, 88.2211
-47.7296, 35.0099, 88.2214
-47.7296, 35.0099, 88.2214
-47.7296, 35.0099, 88.2212
-47.7297, 35.0099, 88.2218
-47.7296, 35.0099, 88.2213
-47.7296, 35.0099, 88.2216
-47.7297, 35.0098, 88.222
-47.7296, 35.0099, 88.2214
-47.7297, 35.0099, 88.2215
-47.7296, 35.0099, 88.2214
-47.7297, 35.0098, 88.2218
-47.7297, 35.0098, 88.2219
-47.7296, 35.0098, 88.2218
-47.7296, 35.0098, 88.2217
-47.7297, 35.0098, 88.2219
-47.7296, 35.0098, 88.2212
-47.7296, 35.0098, 88.2215
-47.7296, 35.0098, 88.2213
-47.7297, 35.0098, 88.2217
-47.7296, 35.0099, 88.2211
-47.7297, 35.0098, 88.2217
-47.7296, 35.0099, 88.221
-47.7296, 35.0099, 88.2211
-47.7296, 35.0098, 88.2216
-47.7296, 35.0098, 88.2216
-47.7296, 35.0098, 88.2218
-47.7296, 35.0098, 88.2217
-47.7296, 35.0098, 88.2218
-47.7296, 35.0098, 88.2218
-47.7296, 35.0098, 88.2214
-47.7296, 35.0098, 88.2216
-47.7296, 35.0098, 88.2217
-47.7296, 35.0098, 88.2221
-47.7296, 35.0098, 88.2217
-47.7296, 35.0098, 88.2216
-47.7296, 35.0098, 88.2216
-47.7296, 35.0098, 88.2216
-47.7296, 35.0099, 88.2213
-47.7296, 35.0099, 88.2211
-47.7296, 35.0099, 88.2213
-47.7296, 35.0099, 88.2217
-47.7296, 35.0099, 88.2213
-47.7296, 35.0099, 88.2219
-47.7296, 35.0098, 88.2222
-47.7296, 35.0098, 88.222
-47.7296, 35.0099, 88.2212
-47.7296, 35.0098, 88.2221
-47.7296, 35.0098, 88.222
-47.7296, 35.0099, 88.2215
-47.7296, 35.0098, 88.222
-47.7296, 35.0099, 88.2214
-47.7296, 35.0099, 88.2214
-47.7296, 35.0099, 88.2218
-47.7297, 35.0098, 88.2223
-47.7297, 35.0098, 88.2218
-47.7297, 35.0098, 88.2218
-47.7297, 35.0098, 88.222
-47.7297, 35.0098, 88.222
-47.7296, 35.0099, 88.2216
-47.7296, 35.0099, 88.2217
-47.7297, 35.0098, 88.2223
-47.7296, 35.0099, 88.222
-47.7297, 35.0098, 88.2223
-47.7297, 35.0099, 88.222
-47.7297, 35.0099, 88.2219
-47.7297, 35.0099, 88.2218
-47.7297, 35.0099, 88.222
-47.7297, 35.0099, 88.222
-47.7297, 35.0099, 88.222
-47.7297, 35.0099, 88.2218
-47.7297, 35.0099, 88.2216
-47.7297, 35.0099, 88.2222
-47.7297, 35.0099, 88.2221
-47.7297, 35.0099, 88.2221
-47.7297, 35.0099, 88.222
-47.7297, 35.0099, 88.2223
-47.7297, 35.0099, 88.2222
-47.7297, 35.0099, 88.2219
-47.7297, 35.0099, 88.2223
-47.7297, 35.0099, 88.222
-47.7297, 35.0099, 88.222
-47.7297, 35.0099, 88.2217
-47.7297, 35.0099, 88.222
-47.7297, 35.0099, 88.2222
-47.7297, 35.0099, 88.2218
-47.7297, 35.0099, 88.222
-47.7297, 35.0099, 88.2216
-47.7297, 35.0099, 88.2216
-47.7297, 35.0099, 88.2216
-47.7297, 35.0099, 88.2215
-47.7297, 35.0099, 88.222
-47.7297, 35.0099, 88.2221
-47.7297, 35.0099, 88.2216
-47.7297, 35.0099, 88.2219
-47.7297, 35.0099, 88.2214
-47.7297, 35.0099, 88.2215
-47.7297, 35.0099, 88.2215
-47.7297, 35.0099, 88.2217
-47.7297, 35.0099, 88.2214
-47.7297, 35.0099, 88.2215
-47.7297, 35.0099, 88.2216
-47.7297, 35.0099, 88.2219
-47.7297, 35.0099, 88.2217
-47.7297, 35.0099, 88.2218
-47.7297, 35.0099, 88.2221
-47.7297, 35.0099, 88.2216
-47.7297, 35.0099, 88.2221
-47.7297, 35.0099, 88.2215
-47.7297, 35.0099, 88.2225
-47.7297, 35.0099, 88.2218
-47.7297, 35.0099, 88.2216
-47.7297, 35.0099, 88.222
-47.7297, 35.0099, 88.2221
-47.7297, 35.0099, 88.2219
-47.7297, 35.0099, 88.2221
-47.7297, 35.0099, 88.2218
-47.7297, 35.0099, 88.2221
-47.7297, 35.0099, 88.2219
-47.7297, 35.0099, 88.2218
-47.7297, 35.0098, 88.2225
-47.7297, 35.0099, 88.2218
-47.7297, 35.0099, 88.2215
-47.7297, 35.0098, 88.2218
-47.7297, 35.0098, 88.2218
-47.7297, 35.0098, 88.2218
-47.7297, 35.0098, 88.2217
-47.7297, 35.0098, 88.2224
-47.7297, 35.0098, 88.222
-47.7297, 35.0098, 88.222
-47.7297, 35.0098, 88.2223
-47.7297, 35.0098, 88.2219
-47.7297, 35.0098, 88.2218
-47.7297, 35.0098, 88.2221
-47.7297, 35.0098, 88.2214
-47.7297, 35.0098, 88.2218
-47.7297, 35.0098, 88.2217
-47.7297, 35.0098, 88.2218
-47.7297, 35.0098, 88.222
-47.7297, 35.0099, 88.2218
-47.7297, 35.0099, 88.222
-47.7297, 35.0099, 88.2216
-47.7297, 35.0099, 88.2216
-47.7297, 35.0099, 88.2212
-47.7297, 35.0099, 88.2215
-47.7297, 35.0099, 88.2217
-47.7297, 35.0098, 88.2221
-47.7297, 35.0098, 88.2221
-47.7297, 35.0099, 88.2215
-47.7297, 35.0098, 88.2219
-47.7297, 35.0099, 88.2215
-47.7297, 35.0099, 88.2215
-47.7297, 35.0098, 88.2219
-47.7297, 35.0098, 88.2217
-47.7297, 35.0098, 88.2218
-47.7297, 35.0098, 88.2223
-47.7297, 35.0098, 88.2218
-47.7297, 35.0098, 88.2221
-47.7297, 35.0099, 88.2217
-47.7297, 35.0099, 88.2216
-47.7297, 35.0099, 88.2219
-47.7297, 35.0099, 88.2219
