-47.484, -15.8448, 3.82831e-05
-47.4817, -15.8461, 0.147066
-47.504, -16.2901, 0.403416
-47.4876, -16.7899, 0.0269842
-47.4628, -18.0481, 0.0560856
-47.4165, -19.2013, 0.173013
-47.3735, -20.9411, 0.0111883
-47.3258, -22.4203, 0.0730394
-47.3289, -24.8217, -0.028423
-47.3036, -26.4702, -0.0872467
-47.2281, -29.2491, -0.146261
-47.1727, -32.0567, -0.094014
-47.1445, -33.7659, 0.642048
-47.1177, -35.6504, 1.21063
-47.1127, -36.6249, 1.55745
-47.1327, -37.4458, 1.79888
-47.0946, -37.8042, 1.92376
-47.1518, -38.0504, 1.85944
-47.1051, -38.0809, 1.83542
-47.1194, -38.1913, 2.79015
-47.1422, -38.5955, 6.76867
-47.1624, -39.0775, 12.2827
-47.4245, -39.8889, 19.651
-47.6107, -40.4648, 28.5168
-48.1598, -41.535, 38.6122
-48.5419, -42.1646, 49.5408
-49.4104, -43.1992, 60.8442
-49.8105, -43.9939, 71.4733
-50.6736, -44.9546, 80.8536
-50.9295, -45.6617, 87.5914
-51.1413, -46.4057, 92.2103
-50.9416, -46.7602, 92.782
-50.9035, -46.9792, 91.2876
-51.1347, -47.0537, 89.9099
-51.491, -47.117, 89.1093
-52.3025, -47.1274, 88.7569
-52.8842, -47.1412, 88.8122
-53.6889, -47.1586, 88.9359
-54.3389, -47.1704, 88.9117
-55.3681, -47.1898, 88.9025
-56.1732, -47.272, 88.3839
-56.1669, -47.2118, 87.6022
-56.1256, -47.2037, 87.2021
-56.022, -47.1937, 86.8905
-56.107, -47.1998, 86.9901
-56.122, -47.1999, 86.9501
-56.1282, -47.2004, 86.9596
-56.1295, -47.2001, 86.9325
-56.1355, -47.2001, 86.9114
-56.7145, -45.8102, 86.9163
-56.715, -45.8114, 86.9875
-56.1113, -45.7791, 86.9612
-55.3569, -45.7263, 87.5226
-53.7046, -45.6803, 88.3563
-52.4826, -45.6562, 88.7606
-50.1641, -45.5939, 89.1192
-48.5724, -45.5368, 89.6817
-45.8405, -45.5176, 90.2132
-43.8772, -45.5484, 90.9279
-40.7317, -45.6071, 91.6574
-37.727, -45.7552, 93.0714
-35.4738, -45.8049, 95.3316
-32.9841, -45.9616, 98.5395
-31.3417, -45.9799, 100.658
-29.6262, -46.1163, 102.509
-29.4169, -46.0021, 103.222
-29.3058, -46.0003, 103.009
-29.2813, -45.9949, 102.314
-29.2666, -45.9946, 102.09
-29.2657, -45.9936, 102.015
-29.2573, -45.9942, 101.938
-29.2531, -45.9934, 101.825
-29.2473, -45.9908, 101.583
-29.2318, -46.0153, 101.377
-29.2308, -46.0142, 101.295
-29.2273, -46.0121, 101.119
-29.2257, -46.0102, 100.975
-29.2227, -46.0088, 100.845
-29.2124, -46.0335, 100.735
-29.2101, -46.0329, 100.667
-29.2059, -46.0319, 100.554
-29.2047, -46.0305, 100.447
-29.2037, -46.0293, 100.358
-29.1977, -46.0285, 100.234
-29.1941, -46.0282, 100.172
-29.198, -46.0371, 100.799
-29.2593, -46.0639, 103.378
-29.4045, -45.771, 107.955
-29.5313, -45.2883, 114.458
-29.6948, -44.6222, 122.682
-29.6369, -43.8404, 129.189
-29.5521, -42.8793, 135.6
-29.1148, -42.0779, 142.449
-28.8195, -41.1697, 149.363
-28.1406, -40.1668, 157.835
-27.3799, -39.5343, 164.843
-26.7458, -38.8194, 171.464
-26.186, -38.2838, 177.151
-25.8417, -37.8832, 180.715
-25.6797, -37.7277, 181.356
-25.6383, -37.6933, 180.259
-25.6332, -37.6931, 179.92
-25.6416, -37.6883, 180.478
-25.6445, -37.6837, 180.667
-25.6446, -37.6836, 180.677
-25.6144, -37.5621, 182.062
-25.5178, -37.1376, 183.444
-25.4251, -36.292, 184.388
-25.3661, -35.4549, 185.119
-25.2191, -33.8234, 185.464
-25.0975, -32.5507, 185.524
-24.8329, -30.3168, 185.736
-24.6707, -28.6982, 186.007
-24.446, -26.1204, 186.264
-24.1404, -23.3621, 186.297
-23.97, -21.6035, 186.056
-23.682, -18.8707, 185.396
-23.5309, -17.01, 183.751
-23.3495, -14.3768, 181.855
-23.2948, -12.5195, 180.467
-23.2077, -9.67786, 179.862
-23.2138, -7.68744, 179.604
-23.235, -4.72371, 179.611
-23.3214, -2.6378, 179.639
-23.3396, 0.324458, 179.675
-23.3568, 3.59345, 179.68
-23.3927, 5.59839, 179.526
-23.4183, 8.81719, 179.606
-23.4328, 10.9978, 179.696
-23.449, 14.1888, 179.737
-23.4577, 16.306, 179.593
-23.482, 19.4072, 179.551
-23.499, 21.6005, 179.533
-23.5257, 24.8012, 179.459
-23.605, 28.0132, 179.84
-23.5605, 29.7345, 180.397
-23.5464, 31.6368, 180.428
-23.612, 32.5037, 180.395
-23.6068, 33.2414, 180.373
-23.6047, 33.5665, 180.366
-23.6032, 33.7457, 180.343
-23.6171, 33.7631, 181.272
-23.6394, 33.7391, 185.757
-23.6951, 33.7347, 194.064
-23.5421, 33.6476, 208.247
-23.4373, 33.5646, 223.108
-23.1881, 33.482, 240.234
-23.073, 33.2954, 258.59
-22.9143, 33.106, 277.367
-22.8431, 32.8635, 291.437
-22.8573, 32.8583, 298.679
-23.0746, 32.8397, 302.573
-23.3511, 33.0792, 306.784
-24.0177, 33.594, 311.543
-24.6587, 34.3744, 318.393
-25.1512, 35.1058, 325.446
-25.7182, 35.8739, 334.916
-26.095, 36.3985, 345.258
-26.7823, 37.4615, 356.201
-27.4132, 37.9263, 367.462
-27.9803, 39.2812, 378.783
-28.4634, 40.1642, 390.515
-28.6485, 41.7928, 400.01
-28.983, 43.2094, 411.004
-29.6764, 44.5569, 420.865
-29.7937, 45.9126, 428.506
-29.7472, 46.9214, 435.702
-29.5252, 48.0044, 441.739
-29.128, 48.6634, 446.928
-29.3374, 49.0328, 451.121
-29.4907, 49.1443, 452.003
-29.6767, 49.1667, 450.841
-29.672, 49.1748, 450.302
-29.6735, 49.1722, 450.476
-29.6229, 49.1717, 450.476
-29.3394, 49.1696, 450.518
-29.1366, 49.1421, 452.021
-28.9027, 49.1204, 452.753
-28.9114, 49.1267, 452.368
-28.9129, 49.1242, 452.534
-28.9124, 49.1251, 452.476
-28.9128, 49.1244, 452.526
-28.9128, 49.1243, 452.528
-28.9126, 49.1248, 452.497
-28.9126, 49.1247, 452.504
-28.9127, 49.1246, 452.51
-28.9127, 49.1245, 452.513
-28.9125, 49.1249, 452.492
-28.9126, 49.1247, 452.5
-28.9125, 49.1248, 452.493
-28.9126, 49.1247, 452.502
-28.9125, 49.1248, 452.495
-28.9126, 49.1247, 452.503
-28.9124, 49.125, 452.483
-28.9125, 49.1249, 452.487
-28.9127, 49.1245, 452.517
-28.9127, 49.1244, 452.519
-28.9128, 49.1243, 452.528
-30.4998, 48.0808, 452.537
-30.5039, 48.0846, 452.301
-30.9319, 48.1124, 451.322
-31.407, 48.11, 450.348
-32.6178, 48.0957, 449.683
-33.539, 48.0464, 449.101
-35.2555, 47.9719, 448.685
-37.4808, 47.8956, 448.418
-39.2272, 47.8704, 448.132
-41.8216, 47.7848, 447.988
-43.77, 47.7162, 447.988
-46.7689, 47.6348, 447.91
-48.7282, 47.5869, 447.655
-51.6729, 47.4637, 447.216
-53.4331, 47.3762, 446.655
-55.6553, 47.2919, 446.538
-57.5402, 47.1782, 446.704
-58.1912, 47.0689, 448.619
-58.2272, 47.0187, 451.905
-58.4847, 47.0119, 453.262
-58.2836, 46.9853, 454.187
-58.546, 46.982, 454.087
-58.7419, 47.0365, 452.974
-58.7137, 47.0464, 452.243
-58.6888, 47.0463, 452.187
-58.6877, 47.0482, 452.063
-57.6714, 46.9427, 452.024
-57.6767, 46.9166, 453.757
-57.3191, 46.855, 458.474
-57.075, 46.758, 464.662
-56.3818, 46.502, 469.964
-55.8367, 46.2034, 474.506
-54.751, 45.605, 478.01
-53.6876, 44.9092, 480.48
-52.1333, 43.9279, 482.223
-50.8806, 43.098, 483.392
-48.9926, 41.8152, 484.285
-47.6362, 40.9153, 485.221
-45.3058, 39.2225, 486.176
-44.0119, 38.243, 487.091
-41.5246, 36.3559, 487.754
-39.9872, 35.1775, 488.15
-37.2207, 33.0066, 488.631
-35.49, 31.6071, 488.977
-32.657, 29.3376, 489.102
-29.7891, 26.94, 489.165
-27.801, 25.3218, 489.145
-24.7779, 22.8632, 489.116
-22.6853, 21.1621, 489.113
-19.6317, 18.6707, 489.258
-17.4972, 16.9191, 489.433
-14.6898, 14.6318, 490.258
-12.8781, 13.0866, 493.442
-11.5618, 11.7167, 500.32
-11.6199, 11.5493, 506.725
-11.5889, 11.5664, 504.333
-11.8231, 11.8786, 500.769
-11.899, 11.8854, 499.569
-11.9566, 11.8477, 499.322
-11.9601, 11.847, 499.525
-11.9625, 11.8479, 499.61
-11.9588, 11.8459, 499.514
-11.9619, 11.848, 499.576
-11.9606, 11.8483, 499.496
-11.9789, 11.8692, 499.518
-11.9849, 11.8761, 499.524
-11.9839, 11.8763, 499.466
-12.0325, 11.9335, 499.452
-12.0536, 11.9552, 499.575
-12.0881, 11.9948, 499.614
-12.1842, 12.0611, 500.051
-12.3332, 12.1866, 500.765
-12.3964, 12.2626, 500.832
-12.412, 12.287, 500.607
-12.4111, 12.2872, 500.558
-12.4112, 12.2872, 500.565
-12.4115, 12.2871, 500.583
-12.411, 12.2872, 500.549
-12.411, 12.2872, 500.554
-12.4114, 12.2871, 500.573
-12.4109, 12.2872, 500.543
-12.4112, 12.2872, 500.565
-12.4109, 12.2872, 500.545
-12.4106, 12.2873, 500.53
-12.4112, 12.2872, 500.564
-12.411, 12.2872, 500.55
-12.4111, 12.2872, 500.555
-12.4108, 12.2872, 500.542
-12.411, 12.2872, 500.551
-12.411, 12.2872, 500.55
-12.4107, 12.2872, 500.536
-12.4107, 12.2872, 500.536
-12.4111, 12.2872, 500.56
-12.4105, 12.2873, 500.522
-12.411, 12.2872, 500.55
-12.4107, 12.2873, 500.531
-12.4105, 12.2873, 500.52
-12.4107, 12.2873, 500.531
-12.4108, 12.2872, 500.537
-12.4105, 12.2873, 500.524
-12.4105, 12.2873, 500.52
-12.4105, 12.2873, 500.522
-12.4105, 12.2873, 500.521
-12.4104, 12.2873, 500.517
-12.4105, 12.2873, 500.521
-12.4104, 12.2873, 500.518
-12.4104, 12.2873, 500.519
-12.4104, 12.2873, 500.519
-12.4105, 12.2873, 500.52
-12.4105, 12.2873, 500.519
-12.4105, 12.2873, 500.521
-12.4105, 12.2873, 500.519
-12.4105, 12.2873, 500.52
-12.4105, 12.2873, 500.52
-12.4104, 12.2873, 500.519
-12.4105, 12.2873, 500.52
-12.4105, 12.2873, 500.52
-12.4104, 12.2873, 500.518
-12.4105, 12.2873, 500.52
-12.4105, 12.2873, 500.52
-12.4085, 12.2849, 500.52
-12.4104, 12.2873, 500.519
-12.4105, 12.2873, 500.52
-12.4085, 12.2849, 500.521
-12.4104, 12.2873, 500.519
-12.4105, 12.2873, 500.521
-12.4105, 12.2873, 500.52
-12.4104, 12.2873, 500.519
-12.4104, 12.2873, 500.519
-12.4104, 12.2873, 500.519
-12.4104, 12.2873, 500.519
-12.4105, 12.2873, 500.52
-12.4104, 12.2873, 500.519
