-47.5627, -15.6086, -0.000185216
-47.5615, -15.6093, 0.080569
-47.5633, -15.8782, -0.0263501
-47.5892, -16.7862, -0.410756
-47.5631, -17.5284, -0.772583
-47.4947, -19.0223, -0.869654
-47.4944, -20.4524, -0.476991
-47.4102, -22.4402, -0.104627
-47.309, -25.0013, -0.15571
-47.2797, -26.8702, -0.0944322
-47.2279, -29.7414, 0.0471422
-47.1821, -31.7364, 0.302292
-47.1998, -34.5661, 0.610102
-47.1848, -35.5391, 0.811654
-47.1669, -35.9753, 0.830159
-47.2033, -36.7777, 0.731627
-47.1878, -37.3816, 0.643429
-47.1701, -37.934, 0.628587
-47.148, -38.1029, 0.621705
-47.1477, -38.1138, 0.65031
-47.1794, -38.1832, 1.82669
-47.1775, -38.587, 5.19606
-47.2786, -39.0592, 10.6863
-47.4817, -39.8297, 18.1336
-47.7476, -40.5064, 27.27
-48.2254, -41.3882, 37.7454
-48.735, -42.1691, 49.1316
-49.4517, -43.1014, 63.1616
-50.325, -44.1725, 73.811
-50.6873, -44.9421, 82.299
-51.0654, -45.7411, 88.1987
-51.1555, -46.1715, 91.2168
-50.957, -46.5261, 92.0246
-50.8974, -46.6601, 91.2523
-50.9402, -46.7126, 89.9008
-51.2358, -46.7566, 89.5215
-52.0233, -46.7625, 89.4185
-52.8839, -46.796, 89.4565
-53.4778, -46.8054, 89.845
-54.5422, -46.809, 89.9976
-55.2205, -46.857, 90.0176
-56.3675, -46.9495, 89.6702
-56.4402, -47.0283, 90.0997
-56.3018, -47.0757, 90.0413
-56.2542, -47.0997, 90.0444
-56.264, -47.1007, 90.106
-56.2643, -47.1012, 90.1413
-56.2642, -47.101, 90.1294
-56.2642, -47.1011, 90.1362
-56.2641, -47.1009, 90.1243
-57.5501, -48.0042, 90.1394
-57.5504, -48.0047, 90.1728
-57.0902, -48.0061, 90.1736
-56.3702, -47.9994, 89.7423
-54.8226, -47.9624, 88.6529
-53.5516, -47.9061, 87.6888
-51.5607, -47.8175, 87.4819
-49.2476, -47.6969, 87.6724
-47.4355, -47.6561, 87.9614
-44.5811, -47.5632, 88.182
-42.6297, -47.5028, 88.2185
-39.367, -47.4013, 88.2413
-37.2828, -47.343, 88.3845
-34.0013, -47.2308, 88.4839
-32.2006, -47.2169, 88.8824
-30.2109, -47.202, 90.6485
-30.0706, -47.4295, 92.5797
-30.0402, -47.4234, 92.1007
-29.8738, -47.4101, 90.9492
-29.8736, -47.4409, 91.3945
-29.9649, -47.445, 91.83
-29.9679, -47.4449, 91.8328
-29.9681, -47.4453, 91.8557
-29.9667, -47.4428, 91.6911
-29.9668, -47.4431, 91.7085
-29.967, -47.4434, 91.7295
-29.967, -47.4434, 91.733
-29.9669, -47.4432, 91.7172
-29.9669, -47.4431, 91.714
-29.9668, -47.4431, 91.7108
-29.967, -47.4434, 91.7283
-29.9668, -47.443, 91.7075
-29.9668, -47.443, 91.7056
-29.9667, -47.4429, 91.6951
-29.9667, -47.4428, 91.6939
-29.9669, -47.4432, 91.7195
-29.9672, -47.4437, 91.7501
-29.967, -47.4434, 91.731
-29.9696, -47.4476, 92.0122
-30.0161, -47.4224, 93.6694
-30.1696, -47.2697, 97.1811
-30.3818, -46.8729, 102.301
-30.6054, -46.2423, 110.511
-30.8935, -45.3926, 119.074
-30.9687, -44.6796, 126.401
-31.0319, -43.705, 133.594
-30.8108, -42.6535, 140.386
-30.5243, -41.686, 147.468
-29.9386, -40.837, 154.633
-29.4085, -39.8687, 161.626
-28.7822, -39.2889, 168.839
-28.2875, -38.3934, 176.127
-27.8352, -37.7812, 181.942
-27.6198, -37.554, 182.697
-27.5439, -37.3506, 181.365
-27.5338, -37.2976, 180.765
-27.5436, -37.281, 181.43
-27.5467, -37.2792, 181.639
-27.5384, -37.2217, 182.837
-27.4903, -37.0403, 185.252
-27.3852, -36.6036, 188.094
-27.2354, -36.1467, 191.332
-26.9292, -35.1615, 193.871
-26.5718, -33.8149, 194.263
-26.298, -32.7324, 194.417
-25.7977, -30.7903, 194.67
-25.4148, -29.3273, 194.647
-24.7822, -26.908, 194.66
-24.3536, -25.274, 194.53
-23.6818, -22.6715, 194.191
-23.2694, -20.9634, 192.827
-22.7609, -18.7906, 190.167
-22.3816, -16.6871, 185.53
-22.0863, -15.1969, 181.704
-21.889, -12.8719, 179.289
-21.8434, -11.0597, 178.095
-21.8873, -8.44958, 177.628
-21.9682, -6.52537, 177.539
-22.0692, -3.59624, 177.646
-22.1722, -1.66051, 177.741
-22.2915, 1.37773, 177.767
-22.4428, 3.41701, 177.658
-22.6412, 6.45224, 177.54
-22.8504, 9.64161, 177.547
-22.956, 11.5481, 177.665
-23.161, 14.854, 177.795
-23.2406, 16.9398, 177.931
-23.4024, 20.0897, 177.899
-23.4814, 22.2298, 177.921
-23.6235, 25.4694, 177.892
-23.7672, 28.7247, 177.922
-23.8399, 30.7387, 178.402
-23.9347, 33.2901, 178.649
-23.9437, 34.6762, 178.936
-23.9684, 35.911, 179.304
-23.9279, 36.4753, 179.405
-23.9767, 36.6749, 179.309
-24.0016, 36.8045, 179.264
-24.0153, 36.7846, 180.163
-24.0482, 36.7805, 183.923
-24.1259, 36.6198, 192.663
-24.3488, 36.2055, 197.601
-24.8558, 36.1627, 199.967
-25.4131, 35.7736, 204.994
-25.89, 35.5886, 211.191
-26.5279, 35.0487, 217.722
-26.9295, 34.8599, 227.519
-27.5522, 34.5115, 240.055
-27.6892, 34.237, 255.035
-28.0642, 33.8061, 271.32
-28.1991, 33.2559, 290.749
-28.4633, 32.9966, 300.414
-28.6828, 32.6931, 305.749
-29.4796, 33.0244, 310.844
-30.0794, 33.1525, 316.494
-31.0833, 34.0955, 322.584
-31.8867, 34.8577, 332.114
-32.5376, 35.3101, 342.498
-33.4397, 36.0261, 353.556
-34.1857, 36.7707, 364.978
-34.9394, 37.9035, 376.599
-35.6264, 38.9622, 388.547
-35.9629, 40.4206, 400.578
-36.2569, 41.7127, 412.461
-35.9443, 43.2868, 423.943
-35.7288, 44.6539, 434.474
-35.1632, 46.1445, 444.646
-34.8505, 47.1706, 449.109
-34.849, 47.923, 450.127
-34.8355, 48.5095, 449.437
-34.8348, 48.9569, 448.427
-34.4058, 49.3053, 447.229
-34.1276, 49.417, 445.744
-33.5558, 49.4915, 448.056
-33.0892, 49.5747, 452.035
-32.6798, 49.5492, 456.676
-32.2191, 49.5244, 460.156
-31.9827, 49.4607, 462.737
-31.6218, 49.3179, 464.739
-31.3589, 49.0703, 466.401
-31.1341, 48.948, 466.701
-31.1357, 48.9099, 465.979
-31.133, 48.909, 465.989
-31.1326, 48.9094, 465.957
-31.1393, 48.8862, 465.963
-31.1388, 48.8867, 465.927
-31.1389, 48.8866, 465.934
-31.1386, 48.8869, 465.909
-31.1387, 48.8868, 465.915
-31.1384, 48.8871, 465.891
-31.1384, 48.8871, 465.896
-31.1384, 48.8871, 465.889
-31.1384, 48.8871, 465.892
-31.1384, 48.8871, 465.891
9928.59, 48.7499, 465.903
9928.6, 48.7539, 465.579
9928.42, 48.7793, 463.73
9928.11, 48.8228, 460.449
9927.11, 48.8283, 457.313
9926.23, 48.7914, 454.411
9924.42, 48.7327, 451.763
9922.25, 48.7325, 449.912
9920.5, 48.7508, 449.653
9917.82, 48.665, 449.946
9915.74, 48.64, 449.907
9912.6, 48.5612, 449.838
9910.31, 48.5309, 449.94
9906.89, 48.5288, 450.013
9904.43, 48.5302, 449.942
9901.59, 48.5559, 453.954
9901.27, 48.5378, 457.337
9901.2, 48.4796, 461.86
9900.9, 48.4779, 463.344
9901.04, 48.3905, 463.624
9900.95, 48.1825, 464.077
9901.01, 48.1274, 462.057
9900.67, 48.1796, 459.714
9899.76, 48.2006, 460.258
9899.83, 48.0739, 462.599
9899.88, 47.9912, 460.881
9899.78, 47.8725, 458.674
9899.48, 47.8601, 457.444
9899.54, 47.862, 456.839
9899.56, 47.8926, 456.235
9899.57, 47.9207, 455.959
9899.57, 47.9222, 455.831
9899.57, 47.9217, 455.864
9899.57, 47.9226, 455.807
9899.57, 47.9221, 455.838
9899.57, 47.9232, 455.76
9899.57, 47.923, 455.775
9899.57, 47.9231, 455.77
9899.57, 47.9234, 455.768
9899.57, 47.9235, 455.743
9899.57, 47.9234, 455.75
9899.57, 47.9239, 455.716
9899.57, 47.9239, 455.711
-57.8351, 45.1791, 455.706
-57.837, 45.172, 456.185
-57.691, 45.1052, 459.224
-57.21, 44.945, 464.577
-56.4818, 44.6478, 469.125
-55.741, 44.2961, 472.001
-54.4908, 43.7509, 474.107
-53.4599, 43.2151, 475.824
-51.8293, 42.4, 477.338
-50.5934, 41.7155, 478.789
-48.4951, 40.5089, 480.064
-47.139, 39.7158, 481.1
-44.8219, 38.2749, 482.04
-42.4442, 36.7906, 483.072
-40.7101, 35.665, 483.684
-38.1411, 34.0145, 484.178
-36.2458, 32.7315, 484.74
-33.4722, 30.8195, 485.071
-31.5642, 29.4674, 485.349
-28.4996, 27.2859, 485.483
-26.531, 25.8767, 485.622
-23.4026, 23.6265, 485.779
-21.3699, 22.1503, 486.002
-18.1255, 19.8121, 486.187
-15.2384, 17.6812, 486.498
-13.0275, 16.121, 486.788
-10.4352, 14.4894, 488.076
-8.86746, 13.7419, 493.936
-7.95519, 13.9884, 501.252
-7.4718, 14.6064, 503.329
-7.13484, 14.6064, 504.342
-6.89909, 14.7048, 505.311
-6.87719, 15.0331, 506.093
-6.87771, 15.0264, 506.369
-6.87449, 15.0266, 506.183
-6.87524, 15.0265, 506.226
-6.87443, 15.0266, 506.18
-6.87623, 15.0292, 506.183
-6.87598, 15.0292, 506.169
-6.87437, 15.0266, 506.177
-6.8742, 15.0266, 506.167
-6.87423, 15.0266, 506.168
-6.87412, 15.0266, 506.162
-6.87411, 15.0266, 506.162
-6.87407, 15.0266, 506.159
-6.874, 15.0266, 506.155
-6.87584, 15.0293, 506.16
-6.87395, 15.0266, 506.153
-6.87394, 15.0266, 506.152
-6.87365, 15.0267, 506.135
-6.87383, 15.0267, 506.146
-6.87356, 15.0267, 506.13
-6.87363, 15.0267, 506.134
-6.87365, 15.0267, 506.135
-6.87346, 15.0267, 506.124
-6.8736, 15.0267, 506.132
-6.87346, 15.0267, 506.124
-6.87347, 15.0267, 506.125
-6.87354, 15.0267, 506.129
-6.87343, 15.0267, 506.123
-6.87356, 15.0267, 506.13
-6.87341, 15.0267, 506.121
-6.8735, 15.0267, 506.127
-6.87346, 15.0267, 506.124
-6.87347, 15.0267, 506.125
-6.87348, 15.0267, 506.125
-6.87347, 15.0267, 506.125
-6.87346, 15.0267, 506.124
-6.87347, 15.0267, 506.125
-6.87348, 15.0267, 506.125
-6.87348, 15.0267, 506.125
-6.87348, 15.0267, 506.125
-6.87347, 15.0267, 506.125
-6.87348, 15.0267, 506.125
-6.87347, 15.0267, 506.125
-6.87346, 15.0267, 506.124
-6.87349, 15.0267, 506.126
-6.87348, 15.0267, 506.125
-6.87347, 15.0267, 506.125
-6.87349, 15.0267, 506.126
-6.87348, 15.0267, 506.125
-6.87343, 15.0267, 506.123
-6.87348, 15.0267, 506.125
-6.87346, 15.0267, 506.124
-6.87347, 15.0267, 506.125
-6.87348, 15.0267, 506.125
-6.87348, 15.0267, 506.125
-6.87348, 15.0267, 506.125
-6.87346, 15.0267, 506.124
-6.87348, 15.0267, 506.125
-6.87346, 15.0267, 506.124
-6.87348, 15.0267, 506.125
-6.87346, 15.0267, 506.124
-6.87347, 15.0267, 506.125
-6.87347, 15.0267, 506.125
-6.87348, 15.0267, 506.125
-6.87349, 15.0267, 506.126
-6.87345, 15.0267, 506.124
-6.87347, 15.0267, 506.125
-6.87346, 15.0267, 506.124
-6.87346, 15.0267, 506.124
-6.87346, 15.0267, 506.124
-6.87348, 15.0267, 506.126
-6.87345, 15.0267, 506.124
-6.87345, 15.0267, 506.124
-6.87345, 15.0267, 506.124
-6.87346, 15.0267, 506.124
-6.87344, 15.0267, 506.123
-6.87348, 15.0267, 506.126
-6.87345, 15.0267, 506.124
-6.87346, 15.0267, 506.124
-6.87346, 15.0267, 506.124
-6.87347, 15.0267, 506.125
-6.87348, 15.0267, 506.125
-6.87346, 15.0267, 506.124
-6.87346, 15.0267, 506.124
-6.87344, 15.0267, 506.123
-6.87346, 15.0267, 506.124
-6.87346, 15.0267, 506.124
-6.87349, 15.0267, 506.126
-6.87347, 15.0267, 506.125
-6.87347, 15.0267, 506.125
-6.87348, 15.0267, 506.126
-6.87345, 15.0267, 506.124
-6.87346, 15.0267, 506.124
-6.87347, 15.0267, 506.125
-6.87345, 15.0267, 506.124
-6.87348, 15.0267, 506.125
-6.87347, 15.0267, 506.125
-6.87345, 15.0267, 506.124
-6.87346, 15.0267, 506.124
-6.87348, 15.0267, 506.125
-6.87347, 15.0267, 506.125
-6.87346, 15.0267, 506.125
-6.87345, 15.0267, 506.124
-6.87347, 15.0267, 506.125
-6.87347, 15.0267, 506.125
-6.87345, 15.0267, 506.124
-6.87345, 15.0267, 506.124
-6.87345, 15.0267, 506.124
-6.87346, 15.0267, 506.124
-6.87344, 15.0267, 506.123
-6.87349, 15.0267, 506.126
-6.87345, 15.0267, 506.124
-6.87344, 15.0267, 506.123
-6.87346, 15.0267, 506.124
-6.87346, 15.0267, 506.124
-6.87347, 15.0267, 506.125
-6.87347, 15.0267, 506.125
-6.87346, 15.0267, 506.124
-6.87348, 15.0267, 506.125
-6.87347, 15.0267, 506.125
-6.87346, 15.0267, 506.124
-6.87344, 15.0267, 506.123
-6.87349, 15.0267, 506.126
-6.87349, 15.0267, 506.126
-6.87348, 15.0267, 506.125
-6.87347, 15.0267, 506.125
-6.87347, 15.0267, 506.125
-6.87347, 15.0267, 506.125
-6.87346, 15.0267, 506.124
-6.87347, 15.0267, 506.125
-6.87348, 15.0267, 506.126
-6.87348, 15.0267, 506.125
-6.87347, 15.0267, 506.125
-6.87345, 15.0267, 506.124
-6.87347, 15.0267, 506.125
-6.87346, 15.0267, 506.124
-6.87346, 15.0267, 506.124
-6.87345, 15.0267, 506.124
-6.87345, 15.0267, 506.124
-6.87347, 15.0267, 506.125
-6.87344, 15.0267, 506.123
-6.87348, 15.0267, 506.126
-6.87347, 15.0267, 506.125
-6.87347, 15.0267, 506.125
-6.87347, 15.0267, 506.125
-6.87348, 15.0267, 506.125
-6.87347, 15.0267, 506.124
-6.87347, 15.0267, 506.125
-6.87346, 15.0267, 506.124
-6.87345, 15.0267, 506.124
-6.87344, 15.0267, 506.123
-6.87348, 15.0267, 506.125
-6.87345, 15.0267, 506.124
-6.87346, 15.0267, 506.124
-6.87344, 15.0267, 506.123
-6.87346, 15.0267, 506.124
-6.87344, 15.0267, 506.123
-6.87345, 15.0267, 506.123
-6.87345, 15.0267, 506.123
-6.87345, 15.0267, 506.124
-6.87345, 15.0267, 506.123
-6.87346, 15.0267, 506.124
-6.87347, 15.0267, 506.125
-6.87345, 15.0267, 506.124
-6.87345, 15.0267, 506.123
-6.87346, 15.0267, 506.124
-6.87345, 15.0267, 506.124
-6.87346, 15.0267, 506.124
-6.87344, 15.0267, 506.123
-6.87347, 15.0267, 506.124
-6.87345, 15.0267, 506.124
-6.87345, 15.0267, 506.124
-6.87348, 15.0267, 506.125
-6.87345, 15.0267, 506.123
-6.87344, 15.0267, 506.123
-6.87347, 15.0267, 506.125
-6.87346, 15.0267, 506.124
-6.87347, 15.0267, 506.125
-6.87433, 15.028, 506.124
-6.87434, 15.028, 506.124
-6.87432, 15.028, 506.123
-6.87433, 15.028, 506.124
-6.87435, 15.028, 506.125
-6.87432, 15.028, 506.123
-6.87434, 15.028, 506.124
-6.87433, 15.028, 506.124
-6.87435, 15.028, 506.125
-6.87435, 15.028, 506.125
-6.87432, 15.028, 506.123
-6.87434, 15.028, 506.125
-6.87432, 15.028, 506.123
-6.87432, 15.028, 506.124
-6.87432, 15.028, 506.123
-6.87431, 15.028, 506.122
-6.87432, 15.028, 506.123
-6.87433, 15.028, 506.124
-6.87432, 15.028, 506.123
-6.87431, 15.028, 506.123
-6.87435, 15.028, 506.125
-6.87431, 15.028, 506.123
-6.87434, 15.028, 506.125
-6.87432, 15.028, 506.123
-6.87433, 15.028, 506.124
-6.87431, 15.028, 506.123
-6.87433, 15.028, 506.124
-6.87433, 15.028, 506.124
-6.87435, 15.028, 506.125
-6.87434, 15.028, 506.124
-6.87434, 15.028, 506.125
-6.87433, 15.028, 506.124
-6.87431, 15.028, 506.123
-6.87432, 15.028, 506.123
-6.87432, 15.028, 506.124
-6.87433, 15.028, 506.124
-6.87432, 15.028, 506.123
-6.87431, 15.028, 506.123
-6.87433, 15.028, 506.124
-6.87429, 15.028, 506.122
-6.87433, 15.028, 506.124
-6.87434, 15.028, 506.124
-6.8743, 15.028, 506.122
-6.8743, 15.028, 506.122
-6.87431, 15.028, 506.123
-6.87434, 15.028, 506.125
-6.87434, 15.028, 506.124
-6.87431, 15.028, 506.123
-6.87431, 15.028, 506.123
-6.87433, 15.028, 506.124
-6.87433, 15.028, 506.124
-6.87431, 15.028, 506.123
-6.87434, 15.028, 506.125
-6.87433, 15.028, 506.124
-6.8743, 15.028, 506.123
-6.87431, 15.028, 506.123
-6.87435, 15.028, 506.125
-6.87432, 15.028, 506.124
-6.87433, 15.028, 506.124
-6.87433, 15.028, 506.124
-6.87432, 15.028, 506.123
-6.87432, 15.028, 506.124
-6.87432, 15.028, 506.124
-6.87433, 15.028, 506.124
-6.87433, 15.028, 506.124
-6.87431, 15.028, 506.123
-6.87434, 15.028, 506.124
-6.87434, 15.028, 506.124
-6.87432, 15.028, 506.123
-6.87432, 15.028, 506.124
-6.87432, 15.028, 506.123
-6.87433, 15.028, 506.124
-6.87431, 15.028, 506.123
-6.87432, 15.028, 506.123
-6.8743, 15.028, 506.123
-6.87433, 15.028, 506.124
-6.87432, 15.028, 506.124
-6.87431, 15.028, 506.123
-6.87431, 15.028, 506.123
-6.87429, 15.028, 506.122
-6.87431, 15.028, 506.123
-6.8743, 15.028, 506.123
-6.87432, 15.028, 506.124
-6.8743, 15.028, 506.123
-6.87431, 15.028, 506.123
-6.87431, 15.028, 506.123
-6.87432, 15.028, 506.124
-6.87432, 15.028, 506.123
-6.8743, 15.028, 506.123
-6.87433, 15.028, 506.124
-6.87433, 15.028, 506.124
-6.87431, 15.028, 506.123
-6.87433, 15.028, 506.124
-6.87432, 15.028, 506.123
-6.8743, 15.028, 506.122
-6.8743, 15.028, 506.122
-6.87432, 15.028, 506.123
-6.87433, 15.028, 506.124
-6.87432, 15.028, 506.124
-6.87432, 15.028, 506.124
-6.87433, 15.028, 506.124
-6.87432, 15.028, 506.123
-6.87432, 15.028, 506.124
-6.87433, 15.028, 506.124
-6.87433, 15.028, 506.124
-6.87431, 15.028, 506.123
-6.87432, 15.028, 506.123
-6.87434, 15.028, 506.125
-6.87432, 15.028, 506.123
-6.87433, 15.028, 506.124
-6.8743, 15.028, 506.122
-6.87433, 15.028, 506.124
-6.87432, 15.028, 506.123
-6.87433, 15.028, 506.124
-6.87431, 15.028, 506.123
-6.87431, 15.028, 506.123
-6.87433, 15.028, 506.124
-6.87431, 15.028, 506.123
-6.87433, 15.028, 506.124
-6.87432, 15.028, 506.123
-6.8743, 15.028, 506.122
-6.87432, 15.028, 506.124
-6.8743, 15.028, 506.122
-6.87432, 15.028, 506.123
-6.87433, 15.028, 506.124
-6.87434, 15.028, 506.125
-6.87431, 15.028, 506.123
-6.87432, 15.028, 506.124
-6.8743, 15.028, 506.122
-6.87433, 15.028, 506.124
-6.87433, 15.028, 506.124
-6.87433, 15.028, 506.124
-6.87432, 15.028, 506.124
-6.8743, 15.028, 506.122
-6.87432, 15.028, 506.123
-6.8743, 15.028, 506.122
-6.87431, 15.028, 506.123
-6.87432, 15.028, 506.123
-6.87432, 15.028, 506.123
-6.87432, 15.028, 506.124
-6.87432, 15.028, 506.124
-6.87432, 15.028, 506.123
-6.87431, 15.028, 506.123
-6.8743, 15.028, 506.122
-6.87431, 15.028, 506.123
-6.87432, 15.028, 506.124
-6.87431, 15.028, 506.123
-6.87431, 15.028, 506.123
-6.8743, 15.028, 506.123
-6.8743, 15.028, 506.123
-6.87431, 15.028, 506.123
-6.87431, 15.028, 506.123
-6.8743, 15.028, 506.123
-6.87431, 15.028, 506.123
-6.87434, 15.028, 506.125
-6.87431, 15.028, 506.123
-6.87431, 15.028, 506.123
-6.87431, 15.028, 506.123
-6.87433, 15.028, 506.124
-6.87431, 15.028, 506.123
-6.87432, 15.028, 506.124
-6.87432, 15.028, 506.124
-6.8743, 15.028, 506.122
-6.87432, 15.028, 506.124
-6.87432, 15.028, 506.123
-6.8743, 15.028, 506.123
-6.87432, 15.028, 506.124
-6.87432, 15.028, 506.124
-6.87432, 15.028, 506.124
-6.87429, 15.028, 506.122
-6.87435, 15.028, 506.125
-6.87431, 15.028, 506.123
-6.87432, 15.028, 506.124
-6.87431, 15.028, 506.123
-6.87432, 15.028, 506.123
-6.87433, 15.028, 506.124
-6.87432, 15.028, 506.124
-6.87431, 15.028, 506.123
-6.87432, 15.028, 506.124
-6.87432, 15.028, 506.124
-6.87431, 15.028, 506.123
-6.87431, 15.028, 506.123
-6.87385, 15.028, 506.097
-6.87425, 15.028, 506.119
-6.87394, 15.028, 506.102
-6.87393, 15.028, 506.101
-6.87406, 15.028, 506.109
-6.87393, 15.028, 506.101
-6.87396, 15.028, 506.103
-6.87393, 15.028, 506.101
-6.87396, 15.028, 506.103
-6.87394, 15.028, 506.102
-6.87394, 15.028, 506.101
-6.87395, 15.028, 506.102
-6.87392, 15.028, 506.1
-6.87393, 15.028, 506.101
-6.87394, 15.028, 506.102
-6.87395, 15.028, 506.102
-6.87392, 15.028, 506.1
-6.87397, 15.028, 506.104
-6.87393, 15.028, 506.101
-6.87396, 15.028, 506.103
-6.87394, 15.028, 506.102
-6.87392, 15.028, 506.101
-6.87394, 15.028, 506.102
-6.87392, 15.028, 506.101
-6.87392, 15.028, 506.101
-6.87393, 15.028, 506.101
-6.87394, 15.028, 506.102
-6.87393, 15.028, 506.101
-6.87395, 15.028, 506.102
-6.87394, 15.028, 506.102
-6.87393, 15.028, 506.101
-6.87394, 15.028, 506.102
-6.87393, 15.028, 506.101
-6.87393, 15.028, 506.101
-6.87391, 15.028, 506.1
-6.87394, 15.028, 506.102
-6.87394, 15.028, 506.102
-6.87393, 15.028, 506.101
-6.87395, 15.028, 506.103
-6.87394, 15.028, 506.102
-6.87392, 15.028, 506.1
-6.87394, 15.028, 506.102
-6.87393, 15.028, 506.101
-6.87393, 15.028, 506.101
-6.87394, 15.028, 506.101
-6.87392, 15.028, 506.101
-6.87394, 15.028, 506.102
-6.87394, 15.028, 506.102
-6.87394, 15.028, 506.102
-6.87392, 15.028, 506.1
-6.87392, 15.028, 506.101
-6.87395, 15.028, 506.102
-6.87392, 15.028, 506.101
-6.8739, 15.028, 506.1
-6.87393, 15.028, 506.101
-6.8739, 15.028, 506.1
-6.87393, 15.028, 506.101
-6.87393, 15.028, 506.101
-6.87395, 15.028, 506.102
-6.87391, 15.028, 506.1
-6.87393, 15.028, 506.101
-6.87394, 15.028, 506.102
-6.87392, 15.028, 506.101
-6.87393, 15.028, 506.101
-6.87393, 15.028, 506.101
-6.87393, 15.028, 506.101
-6.87393, 15.028, 506.101
-6.87393, 15.028, 506.101
-6.87394, 15.028, 506.102
-6.87394, 15.028, 506.102
-6.87393, 15.028, 506.101
-6.87393, 15.028, 506.101
-6.87392, 15.028, 506.101
-6.87391, 15.028, 506.1
-6.87393, 15.028, 506.101
-6.87392, 15.028, 506.101
-6.87395, 15.028, 506.103
-6.87393, 15.028, 506.101
-6.87393, 15.028, 506.101
-6.87391, 15.028, 506.1
-6.87391, 15.028, 506.1
-6.87394, 15.028, 506.102
-6.87392, 15.028, 506.101
-6.87393, 15.028, 506.101
-6.87394, 15.028, 506.102
-6.87394, 15.028, 506.102
-6.87392, 15.028, 506.101
-6.87391, 15.028, 506.1
-6.87394, 15.028, 506.102
-6.8739, 15.028, 506.1
-6.87393, 15.028, 506.101
-6.87392, 15.028, 506.101
-6.87393, 15.028, 506.101
-6.87392, 15.028, 506.101
-6.87391, 15.028, 506.1
-6.87394, 15.028, 506.102
-6.87394, 15.028, 506.102
-6.87393, 15.028, 506.101
-6.87394, 15.028, 506.102
-6.87393, 15.028, 506.101
-6.87394, 15.028, 506.102
-6.87395, 15.028, 506.103
-6.87393, 15.028, 506.101
-6.87392, 15.028, 506.101
-6.87392, 15.028, 506.101
-6.87393, 15.028, 506.101
-6.87394, 15.028, 506.102
-6.87393, 15.028, 506.101
-6.87395, 15.028, 506.102
-6.87393, 15.028, 506.101
-6.87393, 15.028, 506.101
-6.87392, 15.028, 506.101
-6.87393, 15.028, 506.101
-6.87394, 15.028, 506.102
-6.87394, 15.028, 506.102
-6.87395, 15.028, 506.102
-6.87393, 15.028, 506.101
-6.87395, 15.028, 506.102
-6.87396, 15.028, 506.103
-6.87392, 15.028, 506.101
-6.87393, 15.028, 506.101
-6.87393, 15.028, 506.101
-6.87392, 15.028, 506.101
-6.87393, 15.028, 506.101
-6.87394, 15.028, 506.102
-6.87392, 15.028, 506.1
-6.87393, 15.028, 506.101
-6.87392, 15.028, 506.101
-6.87394, 15.028, 506.102
-6.87392, 15.028, 506.101
-6.87393, 15.028, 506.101
-6.87394, 15.028, 506.102
-6.87394, 15.028, 506.102
-6.87393, 15.028, 506.101
-6.87393, 15.028, 506.101
-6.87713, 15.0278, 506.286
-6.91048, 15.0031, 508.98
-6.75508, 14.9744, 513.56
-6.40709, 15.1269, 517.036
-6.08646, 15.2748, 519.094
-5.88418, 15.3619, 520.415
-5.80207, 15.3952, 520.909
-5.80368, 15.4065, 520.766
-5.80515, 15.4203, 520.555
-5.80761, 15.4248, 520.611
-5.80695, 15.4247, 520.572
-5.80809, 15.4249, 520.638
-5.80605, 15.4191, 520.637
-5.78495, 15.361, 520.596
-5.77024, 15.3204, 520.571
-5.75699, 15.2856, 520.513
-5.74187, 15.2532, 520.291
-5.72307, 15.2175, 519.927
-5.67972, 15.1199, 519.481
-5.62167, 14.9909, 518.931
-5.61806, 14.9822, 518.915
-5.61702, 14.9793, 518.921
-5.6446, 15.0496, 518.951
-5.77112, 15.3736, 519.092
-5.86828, 15.6393, 518.803
-6.06059, 16.1567, 518.048
-6.18562, 16.4967, 517.129
-6.42444, 17.0877, 516.137
-6.61159, 17.5413, 515.013
-6.86978, 18.14, 513.153
-7.15793, 18.7473, 511.315
-7.36977, 19.1846, 509.169
-7.71293, 19.8019, 506.626
-7.96733, 20.2422, 503.828
-8.43998, 20.9272, 500.939
-8.81078, 21.4278, 498.104
-9.45617, 22.1754, 495.288
-9.96137, 22.7515, 492.58
-10.8483, 23.5826, 489.889
-11.8302, 24.4164, 486.371
-12.4761, 24.924, 483.246
-13.5568, 25.6765, 479.92
-14.2127, 26.2505, 476.524
-15.3139, 26.9756, 473.164
-16.0576, 27.4731, 470.234
-17.2693, 28.078, 468.182
-18.0755, 28.5024, 467.021
-19.407, 28.9114, 466.321
-20.2723, 29.1925, 465.917
-21.6339, 29.5783, 466.035
-23.0418, 29.9792, 466.787
-23.8789, 30.2114, 468.916
-24.6992, 30.4448, 473.536
-25.0768, 30.5021, 479.732
-25.4991, 30.48, 486.225
-25.7594, 30.316, 492.852
-26.018, 30.1931, 499.61
-26.2224, 29.9089, 505.802
-26.3636, 29.6345, 510.596
-26.3914, 29.1182, 513.651
-26.359, 28.7709, 515.237
-26.0995, 28.1651, 516.056
-25.9151, 27.7373, 516.296
-25.6053, 27.0337, 516.259
-25.3741, 26.5072, 516.284
-24.9914, 25.6363, 516.256
-24.6994, 24.9991, 515.731
-24.2313, 24.008, 514.933
-23.8449, 23.2935, 513.882
-23.2863, 22.2363, 512.394
-22.6851, 21.1114, 511.036
-22.2586, 20.4166, 509.384
-21.5739, 19.3594, 507.425
-21.0374, 18.6956, 505.338
-20.2878, 17.6286, 503.181
-19.5713, 16.6343, 500.517
-19.0558, 15.866, 498.212
-18.3622, 14.9599, 495.953
-17.813, 14.2583, 493.716
-17.0221, 13.3754, 491.673
-16.4227, 12.76, 490.198
-15.5546, 11.9257, 489.485
-14.9284, 11.4197, 489.162
-14.0558, 10.7153, 488.971
-13.531, 10.2941, 488.841
-12.834, 9.73355, 488.819
-12.7379, 9.65535, 488.865
-12.9029, 9.78537, 489.044
-13.0412, 9.89742, 489.053
-13.0916, 9.93929, 489
-13.1094, 9.95234, 489.073
-13.1084, 9.95273, 489.012
-13.1084, 9.95273, 489.013
-13.1088, 9.95257, 489.037
-13.1085, 9.95269, 489.019
-13.1087, 9.95264, 489.026
-13.1081, 9.95287, 488.991
-13.1086, 9.95266, 489.023
-13.1084, 9.95275, 489.009
-13.1084, 9.95275, 489.009
-13.1083, 9.95277, 489.006
-13.1083, 9.95277, 489.006
-13.1084, 9.95275, 489.009
-13.1084, 9.95276, 489.007
-13.1084, 9.95275, 489.009
-13.1084, 9.95276, 489.008
-13.1084, 9.95276, 489.008
-13.1084, 9.95274, 489.01
-13.1084, 9.95276, 489.008
-13.1084, 9.95275, 489.008
-13.1084, 9.95276, 489.007
-13.1084, 9.95275, 489.009
-13.1084, 9.95275, 489.009
-13.1084, 9.95276, 489.007
-13.1084, 9.95275, 489.009
-13.1084, 9.95276, 489.007
-13.1084, 9.95275, 489.009
-13.1084, 9.95275, 489.009
-13.1084, 9.95276, 489.007
-13.1084, 9.95275, 489.008
-13.1081, 9.95284, 488.994
-13.1084, 9.95274, 489.01
-13.1083, 9.95279, 489.003
-13.1084, 9.95275, 489.009
-13.1082, 9.9528, 489
-13.1082, 9.95282, 488.997
-13.1082, 9.95282, 488.998
-13.1082, 9.95284, 488.995
-13.1082, 9.95283, 488.996
-13.1082, 9.95283, 488.996
-13.1082, 9.95282, 488.997
-13.1082, 9.95282, 488.997
-13.1082, 9.95283, 488.996
-13.1082, 9.95282, 488.997
-13.1082, 9.95282, 488.997
-13.1082, 9.95282, 488.998
-13.1082, 9.95282, 488.997
-13.1082, 9.95283, 488.996
-13.1082, 9.95283, 488.997
-13.1082, 9.95283, 488.997
-13.1082, 9.95282, 488.998
-13.1082, 9.95283, 488.996
-13.1082, 9.95282, 488.998
-13.1082, 9.95283, 488.996
-13.1082, 9.95283, 488.996
-13.1082, 9.95282, 488.998
-13.1082, 9.95283, 488.996
-13.1082, 9.95283, 488.997
-13.1082, 9.95282, 488.997
-13.1082, 9.95284, 488.996
-13.1082, 9.95284, 488.996
-13.1082, 9.95283, 488.996
-13.1082, 9.95283, 488.997
-13.1082, 9.95283, 488.997
-13.1082, 9.95282, 488.998
-13.1082, 9.95283, 488.997
-13.1082, 9.95283, 488.997
-13.1082, 9.95282, 488.998
-13.1082, 9.95284, 488.996
-13.1082, 9.95283, 488.996
-13.1082, 9.95283, 488.997
-13.1082, 9.95283, 488.996
-13.1082, 9.95283, 488.997
-13.1082, 9.95283, 488.997
-13.1082, 9.95283, 488.997
-13.1082, 9.95283, 488.997
-13.1082, 9.95282, 488.998
-13.1082, 9.95282, 488.998
-13.1082, 9.95283, 488.996
-13.1082, 9.95283, 488.996
-13.1082, 9.95283, 488.997
-13.1082, 9.95283, 488.997
-13.1082, 9.95283, 488.997
-13.1082, 9.95283, 488.997
-13.1082, 9.95283, 488.997
-13.1082, 9.95283, 488.997
-13.1082, 9.95283, 488.997
-13.1082, 9.95282, 488.998
-13.1082, 9.95283, 488.996
-13.1082, 9.95282, 488.998
-13.1082, 9.95282, 488.998
-13.1082, 9.95282, 488.998
-13.1082, 9.95282, 488.998
-13.1082, 9.95281, 488.998
-13.1082, 9.95282, 488.998
-13.1082, 9.95283, 488.997
-13.1082, 9.95282, 488.999
-13.1082, 9.95282, 488.998
-13.1082, 9.95281, 488.999
-13.1082, 9.95282, 488.997
-13.1082, 9.95282, 488.998
-13.1082, 9.95281, 488.999
-13.1082, 9.95282, 488.997
-13.1082, 9.95282, 488.998
-13.1082, 9.95282, 488.997
-13.1082, 9.95282, 488.997
-13.1082, 9.95282, 488.998
-13.1082, 9.95283, 488.996
-13.1082, 9.95282, 488.997
-13.1082, 9.95282, 488.998
-13.1082, 9.95282, 488.997
-13.1082, 9.95283, 488.997
-13.1082, 9.95282, 488.997
-13.1082, 9.95282, 488.997
-13.1082, 9.95282, 488.997
-13.1082, 9.95282, 488.997
-13.1082, 9.95282, 488.997
-13.1082, 9.95283, 488.996
-13.1082, 9.95282, 488.997
-13.1082, 9.95283, 488.996
-13.1082, 9.95282, 488.997
-13.1082, 9.95283, 488.996
-13.1082, 9.95282, 488.997
-13.1082, 9.95283, 488.996
-13.1083, 9.95276, 489.006
-13.1101, 9.95207, 489.115
-13.1127, 9.95106, 489.274
-13.1159, 9.94979, 489.475
-13.118, 9.94901, 489.599
-13.1186, 9.94877, 489.637
-13.1184, 9.94884, 489.626
-13.1145, 9.95035, 489.386
-13.1136, 9.95068, 489.333
-13.1172, 9.94931, 489.551
-13.1435, 9.93959, 491.162
-13.1889, 9.94095, 494.715
-13.178, 10.1153, 497.42
-13.2636, 10.4028, 498.424
-13.2844, 10.4962, 498.538
-13.3264, 10.546, 498.442
-13.3359, 10.5576, 498.399
-13.3359, 10.5576, 498.398
-13.3353, 10.5577, 498.362
-13.3352, 10.5577, 498.36
-13.3354, 10.5577, 498.367
-13.3355, 10.5577, 498.374
-13.3354, 10.5577, 498.371
-13.3356, 10.5576, 498.384
-13.3357, 10.5576, 498.389
-13.3018, 10.5199, 498.368
-13.2663, 10.481, 498.324
-13.2231, 10.4344, 498.242
-13.2009, 10.4119, 498.138
-13.1985, 10.4097, 498.119
-13.1941, 10.4052, 498.104
-13.1949, 10.405, 498.152
-13.1944, 10.4051, 498.123
-13.1945, 10.4051, 498.125
-13.1945, 10.4051, 498.127
-13.1944, 10.4051, 498.12
-13.1944, 10.4051, 498.124
-13.1944, 10.4051, 498.122
-13.1944, 10.4051, 498.122
-13.1944, 10.4051, 498.122
-13.1944, 10.4051, 498.121
-13.1944, 10.4051, 498.122
-13.1944, 10.4051, 498.121
-13.1944, 10.4051, 498.123
-13.1944, 10.4051, 498.121
-13.1944, 10.4051, 498.122
-13.1944, 10.4051, 498.121
-13.1944, 10.4051, 498.122
-13.1944, 10.4051, 498.122
-13.1944, 10.4051, 498.122
-13.1944, 10.4051, 498.121
-13.1944, 10.4051, 498.122
-13.1944, 10.4051, 498.122
-13.1944, 10.4051, 498.122
-13.1944, 10.4051, 498.121
-13.1944, 10.4051, 498.121
-13.1944, 10.4051, 498.123
-13.1944, 10.4051, 498.121
-13.1944, 10.4051, 498.122
-13.1944, 10.4051, 498.122
-13.1944, 10.4051, 498.122
-13.1944, 10.4051, 498.122
-13.1944, 10.4051, 498.121
-13.1944, 10.4051, 498.122
-13.1944, 10.4051, 498.122
-13.1944, 10.4051, 498.121
-13.1944, 10.4051, 498.121
-13.1944, 10.4051, 498.123
-13.1944, 10.4051, 498.123
-13.1944, 10.4051, 498.122
-13.1944, 10.4051, 498.122
-13.1944, 10.4051, 498.122
-13.1944, 10.4051, 498.124
-13.1944, 10.4051, 498.123
-13.1944, 10.4051, 498.123
-13.1944, 10.4051, 498.122
-13.1944, 10.4051, 498.122
-13.1944, 10.4051, 498.123
-13.1944, 10.4051, 498.123
-13.1944, 10.4051, 498.122
-13.1944, 10.4051, 498.124
-13.1944, 10.4051, 498.123
-13.1944, 10.4051, 498.123
-13.1944, 10.4051, 498.123
-13.1944, 10.4051, 498.121
-13.1944, 10.4051, 498.122
-13.1944, 10.4051, 498.122
-13.1944, 10.4051, 498.123
-13.1944, 10.4051, 498.123
-13.1944, 10.4051, 498.123
-13.1945, 10.4051, 498.124
-13.1944, 10.4051, 498.123
-13.1944, 10.4051, 498.122
