55.9236, -47.0509, 270.001
55.9193, -47.0345, 269.499
55.8939, -47.0899, 265.924
55.9138, -47.1912, 259.144
55.8394, -47.1707, 249.159
55.9601, -47.1106, 237.775
55.7492, -47.3963, 224.728
55.7179, -47.4535, 217.482
55.241, -48.0898, 214.915
54.9576, -48.5193, 214.318
54.3678, -49.4484, 214.851
53.8806, -50.1713, 216.435
53.1114, -51.2228, 219.044
52.58, -51.9166, 222.15
51.7706, -52.9485, 225.027
51.2186, -53.6539, 227.568
50.2105, -54.8658, 230.209
49.1199, -55.9392, 232.459
48.4364, -56.6524, 235.331
47.2225, -57.6658, 238.707
46.5816, -58.3578, 242.109
45.311, -59.3216, 246.523
44.3663, -59.9497, 252.03
42.5093, -60.8275, 257.794
41.2458, -61.6444, 261.925
38.9295, -62.0496, 261.954
36.4216, -62.5065, 259.589
34.8331, -62.7084, 259.561
32.1684, -62.9673, 261.253
30.5867, -63.1387, 263.796
27.8343, -63.4151, 266.19
25.8737, -63.6774, 268.006
22.5173, -63.993, 269.445
20.285, -64.1941, 270.476
16.7013, -64.268, 271.329
14.2631, -64.271, 270.965
10.394, -64.2068, 271.039
6.53729, -64.1259, 271.259
3.808, -64.0739, 271.722
0.137788, -63.9179, 272.116
-2.68487, -63.7991, 272.521
-6.63381, -63.6028, 272.975
-9.65621, -63.4227, 273.539
-13.55, -63.1803, 274.058
-16.5071, -62.9649, 274.814
-20.5335, -62.6845, 275.578
-24.0471, -62.477, 277.806
-25.908, -62.1814, 278.798
-27.89, -61.9403, 278.263
-28.7439, -61.8269, 277.803
-29.4633, -61.7377, 277.349
-29.6258, -61.7259, 276.796
-29.5826, -61.6813, 276.895
-29.6619, -61.6675, 278.619
-29.997, -61.5682, 281.265
-30.444, -61.3785, 285.173
-30.9833, -61.0953, 291.958
-31.6658, -60.7135, 298.611
-32.1322, -60.5219, 305.593
-32.8322, -60.0556, 312.888
-33.3126, -59.7954, 320.541
-34.0583, -59.1871, 326.795
-34.6383, -58.8882, 334.68
-35.328, -58.2433, 342.62
-35.9272, -57.7974, 350.485
-36.6079, -56.9888, 358.451
-37.3377, -56.0972, 368.014
-37.9474, -55.398, 375.986
-38.3548, -54.3536, 384.019
-38.7, -53.5271, 392.095
-38.8371, -52.3864, 400.369
-39.0596, -51.5252, 408.611
-38.8311, -50.3392, 416.857
-38.7188, -49.4018, 424.959
-38.2922, -48.4287, 433.11
-37.9902, -47.7139, 440.773
-37.4806, -46.8948, 448.955
-37.4962, -46.4966, 451.176
-37.5623, -46.2771, 451.037
-37.66, -46.1834, 449.661
-37.678, -46.172, 448.901
-38.9563, -45.662, 449.223
-38.6402, -45.6432, 449.702
-38.1939, -45.6417, 449.727
-36.9759, -45.6606, 449.742
-36.1276, -45.6564, 449.729
-34.2223, -45.6924, 450.416
-33.2302, -45.7005, 451.507
-31.2744, -45.7329, 453.234
-30.0964, -45.7341, 456.697
-29.6048, -45.5127, 463.249
-29.4945, -45.3931, 469.278
-29.0275, -45.6197, 472.661
-29.0241, -45.6169, 472.408
-29.0003, -45.6047, 471.074
-28.9973, -45.6004, 470.738
-28.9959, -45.5992, 470.636
-28.9957, -45.5991, 470.622
-29.004, -45.6214, 470.608
-29.0039, -45.6213, 470.603
-29.0039, -45.6213, 470.599
-29.0037, -45.6212, 470.59
-29.0037, -45.6212, 470.589
-29.004, -45.6214, 470.607
-29.0031, -45.6207, 470.546
-29.0033, -45.6208, 470.558
-29.0034, -45.6209, 470.566
-29.0033, -45.6208, 470.555
-29.0031, -45.6206, 470.542
-29.0031, -45.6207, 470.543
-29.0028, -45.6204, 470.517
-29.0028, -45.6204, 470.523
-29.0027, -45.6203, 470.513
-29.0028, -45.6204, 470.519
-29.0026, -45.6202, 470.507
-29.0025, -45.6201, 470.496
-29.0027, -45.6203, 470.516
-29.0025, -45.6201, 470.496
-29.0026, -45.6202, 470.502
-29.0024, -45.62, 470.488
-29.0022, -45.6199, 470.474
-29.0021, -45.6198, 470.468
-29.002, -45.6198, 470.464
-29.0021, -45.6198, 470.467
-29.002, -45.6197, 470.458
-29.0019, -45.6197, 470.456
-29.0019, -45.6197, 470.456
-29.0019, -45.6197, 470.453
-29.0019, -45.6196, 470.452
-29.0019, -45.6196, 470.449
-29.0018, -45.6196, 470.444
-29.0017, -45.6195, 470.441
9928.59, -43.8943, 470.436
9928.53, -43.8949, 470.232
9928.45, -43.8855, 468.37
9927.88, -43.817, 465.415
9927.45, -43.8026, 461.624
9926.41, -43.6415, 457.994
9925.44, -43.5379, 453.583
9924.5, -43.4704, 451.928
9922.89, -43.3693, 451.176
9921.62, -43.3418, 450.789
9919.68, -43.3157, 450.405
9918.15, -43.305, 450.128
9915.83, -43.3006, 450.071
9914.25, -43.2982, 450.052
9911.78, -43.2487, 449.948
9910.06, -43.2268, 449.944
9907.58, -43.2045, 450.009
9904.87, -43.1562, 449.972
9903.19, -43.1555, 449.767
9900.67, -43.1681, 449.397
9899.61, -43.1371, 446.778
9899.44, -43.1402, 444.701
9899.4, -42.9189, 442.551
9899.62, -42.7653, 442.35
9899.59, -42.7025, 442.659
9899.24, -42.6598, 443.519
9898.64, -42.78, 444.105
9898.5, -42.817, 443.987
9898.55, -42.763, 443.984
9898.56, -42.7387, 443.998
9898.57, -42.7613, 443.96
9898.57, -42.7613, 443.963
9898.57, -42.761, 443.962
9898.57, -42.7601, 443.915
9898.57, -42.7362, 443.916
9898.57, -42.7363, 443.919
9898.57, -42.7362, 443.91
9898.57, -42.7362, 443.912
9898.57, -42.7359, 443.895
9898.57, -42.7348, 443.836
9898.57, -42.7346, 443.825
9898.57, -42.7105, 443.81
9898.57, -42.7344, 443.812
9898.57, -42.7103, 443.818
9898.57, -42.7338, 443.806
9898.57, -42.7339, 443.81
9898.57, -42.7339, 443.811
9898.57, -42.734, 443.817
9898.57, -42.7099, 443.803
9898.57, -42.7337, 443.794
9898.57, -42.7099, 443.803
9898.57, -42.7101, 443.811
9898.57, -42.71, 443.809
9898.57, -42.7098, 443.793
9898.57, -42.7338, 443.8
9898.57, -42.7337, 443.798
9898.57, -42.7337, 443.799
9898.57, -42.7338, 443.8
9898.57, -42.7337, 443.795
9898.57, -42.7337, 443.798
9898.57, -42.7337, 443.8
9898.57, -42.7336, 443.791
9898.57, -42.7338, 443.803
9898.57, -42.7339, 443.807
9898.57, -42.7337, 443.796
9898.57, -42.7334, 443.791
9898.63, -42.7145, 443.026
9898.83, -42.6143, 441.346
