29.585, 47.0115, 270
29.5884, 47.0176, 270.403
29.6096, 47.0503, 272.591
29.6277, 46.931, 275.905
29.7225, 46.6438, 280.26
30.0515, 46.2276, 285.115
30.2611, 45.8053, 289.631
31.0484, 45.3132, 292.093
31.5818, 44.9218, 292.815
32.7833, 44.3126, 293.033
33.6993, 43.8985, 293.241
35.1945, 43.1262, 293.49
36.7395, 42.4804, 293.939
37.8339, 41.9722, 294.572
39.5032, 41.2081, 295.429
40.6275, 40.6518, 296.443
42.3242, 39.8052, 297.319
43.3853, 39.236, 298.403
45.0601, 38.3293, 299.574
46.2209, 37.7589, 300.805
47.841, 36.791, 302.113
48.8919, 36.1413, 303.765
50.4752, 35.1704, 306.022
51.9136, 34.1538, 307.766
52.9179, 33.4764, 309.373
54.338, 32.3718, 310.819
55.3711, 31.6785, 312.239
56.7829, 30.5258, 313.769
57.6736, 29.8983, 316.51
58.7705, 28.8988, 320.232
59.5419, 28.3867, 323.902
60.5911, 27.4044, 326.656
61.5975, 26.2711, 329.182
62.1689, 25.4632, 332.599
62.6632, 24.5727, 337.722
62.9149, 23.8978, 340.951
63.324, 22.7764, 340.956
63.2597, 22.0353, 341.656
63.37, 20.9574, 342.788
63.3586, 20.3706, 345.382
63.4256, 19.7619, 350.825
63.4376, 19.2664, 355.907
63.4786, 18.2275, 358.804
63.4587, 16.9697, 359.674
63.4169, 16.0074, 359.891
63.3264, 14.4813, 360.212
63.3272, 13.9002, 360.524
63.3309, 13.8117, 360.828
63.3302, 13.8183, 360.77
63.327, 13.7631, 360.603
63.3139, 13.0447, 360.118
63.3073, 11.8307, 359.466
63.5415, 10.0219, 358.901
63.5656, 9.73595, 358.496
63.6097, 9.60964, 357.98
63.6243, 9.61226, 357.367
63.692, 8.15641, 357.397
63.7141, 7.69571, 357.511
63.7121, 7.67564, 357.335
63.8172, 7.11561, 358.107
63.8433, 6.67462, 359.522
63.9556, 5.82279, 360.897
64.1226, 4.19183, 360.968
64.0764, 2.85067, 360.702
64.0446, 2.3101, 360.647
64.0338, 2.24673, 359.978
64.0234, 1.71437, 358.925
64.0367, 0.777003, 358.39
64.0931, 0.311718, 357.929
64.1825, -0.837934, 358.104
64.1767, -1.30594, 358.243
64.1748, -1.69106, 359.143
64.139, -2.14248, 359.685
64.1441, -3.60484, 359.371
64.141, -3.70791, 359.046
64.1363, -3.66133, 358.79
64.1273, -4.52331, 358.537
64.1236, -4.55763, 358.231
64.1791, -6.15072, 359.507
64.2747, -6.81731, 363.739
64.2092, -8.18927, 372.488
63.7483, -9.3708, 377.922
63.1956, -10.462, 383.803
62.3577, -11.5455, 391.64
61.6935, -12.2726, 402.683
60.8564, -13.1867, 415.43
60.34, -13.7084, 428.214
59.5078, -14.3672, 439.597
59.2368, -15.0498, 445.987
59.0867, -15.606, 450.545
59.0695, -16.028, 451.488
59.0772, -16.297, 450.229
59.087, -16.328, 449.11
59.0885, -16.3253, 448.933
59.0857, -16.3304, 449.269
59.0846, -16.33, 449.239
57.2211, -30.7894, 449.213
57.0946, -30.8075, 450.372
56.5583, -30.8337, 453.232
55.9507, -30.7469, 457.537
54.8932, -30.4398, 463.016
53.7292, -30.1234, 470.533
52.7344, -29.7722, 477.364
51.4443, -29.0574, 484.527
50.5033, -28.6461, 492.396
49.069, -27.7661, 499.989
47.8639, -27.0255, 505.355
46.3842, -25.7081, 508.352
45.2923, -24.5252, 509.492
43.6745, -22.5787, 509.546
42.6408, -21.2461, 509.29
41.0766, -18.8999, 509.255
39.5217, -16.3769, 509.4
38.4491, -14.5612, 509.518
36.8179, -11.7908, 509.506
35.7008, -9.89327, 509.575
34.0242, -7.03862, 509.6
32.8656, -5.06204, 509.705
31.1701, -2.16, 509.73
29.9716, -0.106526, 509.728
28.3661, 2.73763, 509.705
26.4896, 5.85571, 509.725
25.4039, 7.76239, 509.783
23.6523, 10.9144, 509.823
22.5755, 12.7655, 509.837
20.8953, 15.6991, 509.262
20.0597, 16.9668, 508.169
19.084, 18.6705, 507.029
18.6388, 19.4135, 506.156
18.1675, 20.1261, 505.44
18.0217, 20.3448, 505.128
17.9493, 20.4519, 504.999
18.02, 20.4175, 502.6
18.1165, 20.4175, 496.195
18.3192, 20.3492, 485.898
18.3953, 20.2672, 472.363
18.4668, 20.1564, 455.949
18.6281, 20.3016, 437.522
18.6003, 20.1791, 419.746
18.735, 19.9578, 406.522
18.8179, 19.8789, 401.332
18.8878, 19.8266, 402.32
18.8986, 19.8194, 403.158
18.9038, 19.8292, 402.966
18.9146, 19.8393, 403.038
18.9234, 19.8474, 403.095
18.9234, 19.8473, 403.099
18.9236, 19.8468, 403.133
18.9247, 19.8475, 403.151
18.9246, 19.8477, 403.139
18.9248, 19.8471, 403.171
18.9081, 19.8611, 403.32
18.7124, 19.6534, 403.341
18.4487, 19.3398, 403.278
17.8672, 18.7224, 403.267
17.4529, 18.2829, 403.22
16.8541, 17.6457, 403.217
16.5064, 17.2757, 403.214
16.019, 16.7574, 403.187
15.8285, 16.5195, 403.179
15.7234, 16.4082, 403.142
15.4745, 16.1083, 403.088
15.2656, 15.8871, 402.969
14.6046, 15.1076, 402.898
14.0302, 14.4893, 402.927
13.1493, 13.5072, 402.904
12.5792, 12.8938, 402.881
11.7315, 11.9814, 402.859
11.3733, 11.5615, 402.766
11.0882, 11.2523, 402.805
11.0718, 11.2333, 402.862
11.0708, 11.2323, 402.862
11.1302, 11.2967, 402.844
11.2029, 11.3761, 402.805
11.2693, 11.449, 402.748
11.3044, 11.4881, 402.701
11.3153, 11.4979, 402.79
11.3151, 11.4986, 402.746
11.3156, 11.4973, 402.828
11.3133, 11.4959, 402.777
11.3129, 11.4971, 402.706
11.3185, 11.501, 402.805
11.3204, 11.5041, 402.755
11.3555, 11.4721, 402.72
11.36, 11.4752, 402.806
11.3595, 11.4768, 402.711
11.3598, 11.4759, 402.762
11.3597, 11.4761, 402.749
11.3597, 11.4763, 402.736
11.3598, 11.4759, 402.761
11.3585, 11.4754, 402.723
11.3587, 11.475, 402.747
11.3586, 11.4753, 402.731
11.3586, 11.4753, 402.729
11.3586, 11.4753, 402.731
11.3586, 11.4753, 402.727
11.3586, 11.4753, 402.728
11.3585, 11.4754, 402.722
11.3585, 11.4756, 402.713
11.3586, 11.4754, 402.725
11.3585, 11.4754, 402.723
11.3585, 11.4754, 402.723
11.3585, 11.4754, 402.721
11.3585, 11.4755, 402.716
11.3585, 11.4754, 402.722
11.3585, 11.4755, 402.717
11.3585, 11.4754, 402.72
11.3585, 11.4755, 402.72
11.3585, 11.4755, 402.719
11.3585, 11.4755, 402.718
11.3585, 11.4755, 402.72
11.3585, 11.4755, 402.717
11.3585, 11.4755, 402.717
11.3585, 11.4755, 402.719
11.3585, 11.4756, 402.709
11.3585, 11.4756, 402.713
11.3585, 11.4757, 402.707
11.3584, 11.4757, 402.705
11.3585, 11.4757, 402.706
11.3585, 11.4757, 402.705
11.3585, 11.4756, 402.712
11.3584, 11.4758, 402.701
11.3584, 11.4758, 402.701
11.3584, 11.4758, 402.701
11.3584, 11.4759, 402.694
11.3584, 11.4758, 402.699
11.3584, 11.4759, 402.69
11.3584, 11.4759, 402.695
11.3584, 11.4759, 402.691
11.3584, 11.476, 402.689
11.3584, 11.476, 402.689
11.3583, 11.4761, 402.683
11.3584, 11.476, 402.689
11.3584, 11.476, 402.687
11.3583, 11.4761, 402.682
11.3584, 11.4759, 402.69
11.3583, 11.4761, 402.68
11.3583, 11.4761, 402.683
11.3583, 11.4761, 402.68
11.3583, 11.4761, 402.681
11.3583, 11.4761, 402.68
11.3583, 11.4761, 402.678
11.3583, 11.4761, 402.68
11.3583, 11.476, 402.684
11.3583, 11.4761, 402.684
11.3583, 11.4761, 402.684
11.3583, 11.4762, 402.674
11.3583, 11.4761, 402.68
11.3583, 11.4762, 402.675
11.3581, 11.4767, 402.647
11.5413, 11.6557, 400.672
11.9342, 12.1944, 398.155
12.2508, 12.7446, 394.868
12.8313, 13.7503, 391.076
13.3211, 14.6852, 388.659
14.0016, 16.0007, 387.502
14.4481, 16.9447, 386.886
15.0501, 18.1359, 386.853
15.3181, 18.6636, 386.89
15.6222, 19.2582, 387.006
15.7257, 19.4601, 387.034
15.7411, 19.4899, 387.049
15.7284, 19.5479, 384.631
15.6815, 19.6388, 377.974
15.5254, 19.7581, 367.77
15.585, 19.8017, 355.77
15.7546, 19.8433, 343.654
15.915, 19.9284, 334.868
15.9557, 19.9507, 333.183
15.9793, 19.9521, 334.62
15.9767, 19.9523, 334.472
15.9861, 19.9634, 333.766
15.9889, 19.9633, 333.927
15.9873, 19.9633, 333.837
15.9875, 19.9633, 333.85
15.9874, 19.9633, 333.84
15.9873, 19.9633, 333.836
15.9873, 19.9633, 333.837
15.9836, 19.9636, 333.622
16.3016, 19.6375, 333.246
16.7383, 18.8161, 332.424
17.2274, 17.9378, 332.621
18.1109, 16.385, 332.56
18.9871, 15.0612, 332.416
20.0813, 12.9712, 332.223
20.9628, 11.3507, 332.322
22.3013, 8.84631, 332.51
23.3595, 7.01928, 332.677
24.8641, 4.10265, 332.752
25.8811, 2.1287, 332.667
27.5168, -1.03373, 332.677
29.1901, -4.2221, 332.727
30.3863, -6.43897, 332.693
32.034, -9.62755, 332.659
33.2276, -11.9905, 332.79
34.9741, -15.2825, 332.814
36.1292, -17.5318, 332.878
37.8597, -20.9157, 333
38.9843, -23.1237, 333.063
40.7407, -26.5835, 333.13
42.4504, -29.9624, 333.254
43.5949, -32.2357, 333.285
45.1907, -35.4485, 333.007
46.0623, -37.1054, 333.077
47.0103, -38.9743, 333.28
47.4411, -39.8295, 333.315
47.7802, -40.5063, 333.233
47.8977, -40.7418, 333.147
47.9788, -40.9032, 333.105
48.0222, -40.9575, 332.443
48.1658, -41.2788, 328.817
48.566, -41.806, 323.523
49.0491, -42.2214, 316.182
49.812, -43.0092, 307.176
50.3806, -43.4344, 297.332
51.3254, -44.0137, 285.907
51.9938, -44.5256, 277.791
52.3644, -45.0679, 272.845
52.3962, -45.4652, 270.541
52.3229, -45.6965, 269.535
52.1267, -45.7532, 269.118
52.1109, -45.7486, 269.434
52.368, -45.7451, 269.543
52.7321, -45.7434, 269.423
53.5409, -45.7347, 269.478
54.5226, -45.7259, 269.471
55.2969, -45.7432, 269.421
56.4717, -45.7314, 269.388
57.3019, -45.7484, 269.232
57.9114, -45.7711, 268.673
57.9131, -45.7792, 268.127
57.8578, -45.7814, 268.106
57.9934, -45.801, 268.1
57.9639, -45.7546, 268.059
57.964, -45.7544, 268.071
57.9642, -45.754, 268.099
57.9642, -45.754, 268.1
57.9642, -45.754, 268.098
57.9642, -45.7539, 268.101
57.9642, -45.754, 268.1
57.9642, -45.754, 268.101
57.9642, -45.7539, 268.103
57.9642, -45.7539, 268.102
57.9642, -45.754, 268.099
57.9642, -45.7539, 268.101
57.9642, -45.7539, 268.102
57.9642, -45.7539, 268.103
57.9642, -45.754, 268.098
57.9642, -45.754, 268.099
57.9642, -45.754, 268.1
57.9642, -45.754, 268.096
57.9642, -45.754, 268.095
57.9642, -45.7541, 268.093
57.9642, -45.7541, 268.09
57.9642, -45.7541, 268.089
57.9642, -45.7541, 268.09
57.9641, -45.7542, 268.087
57.9641, -45.7543, 268.081
57.9641, -45.7542, 268.082
57.9641, -45.7542, 268.085
57.9641, -45.7543, 268.081
57.9642, -45.7541, 268.088
57.9642, -45.7542, 268.087
57.9641, -45.7542, 268.083
57.9641, -45.7543, 268.077
57.9641, -45.7542, 268.082
57.9641, -45.7543, 268.079
57.9641, -45.7543, 268.079
57.9641, -45.7543, 268.079
57.9641, -45.7543, 268.079
57.964, -45.7543, 268.076
57.964, -45.7543, 268.076
57.964, -45.7544, 268.074
57.964, -45.7544, 268.073
57.964, -45.7544, 268.07
57.964, -45.7545, 268.066
57.964, -45.7544, 268.071
57.964, -45.7544, 268.07
57.964, -45.7544, 268.071
57.964, -45.7545, 268.069
57.9639, -45.7545, 268.064
57.964, -45.7545, 268.068
57.964, -45.7545, 268.066
57.9639, -45.7545, 268.065
57.9639, -45.7545, 268.065
