29.7, 47.1659, 270.002
29.7022, 47.1699, 270.268
29.721, 47.1562, 272.556
29.7455, 47.0341, 275.729
30.0298, 46.709, 279.097
30.5723, 46.3113, 282.108
31.2472, 46.0563, 283.654
32.4887, 45.609, 284.362
33.3952, 45.2835, 285.174
34.9516, 44.8124, 286.041
36.5213, 44.3603, 287.102
37.6941, 44.0049, 288.132
39.3317, 43.4689, 289.428
40.4409, 43.0856, 290.851
42.1404, 42.4368, 292.271
43.2459, 41.9913, 293.677
44.8237, 41.302, 295.53
45.8868, 40.8058, 297.779
47.384, 40.0989, 299.665
48.3304, 39.5694, 301.236
49.7792, 38.7236, 302.683
51.2788, 37.7624, 303.982
52.1852, 37.1711, 306.327
53.5307, 36.3948, 309.12
54.3753, 35.8501, 311.513
55.6441, 34.9857, 313.672
56.4441, 34.4105, 315.921
57.4774, 33.5055, 319.283
58.237, 32.9179, 323.037
59.0402, 32.0714, 325.881
60.0239, 30.9665, 328.121
60.6834, 30.1104, 329.902
61.4874, 29.0439, 333.208
61.9006, 28.333, 339.048
62.3077, 27.3245, 343.272
62.4706, 26.613, 343.6
62.8077, 25.4064, 344.096
62.9008, 24.6883, 345.698
63.0672, 23.3572, 346.078
63.0845, 22.4003, 346.347
63.0772, 21.2761, 345.711
63.0702, 20.1328, 345.221
63.0583, 19.2514, 345.538
63.1875, 17.8975, 346.372
63.2665, 16.7915, 347.662
63.4799, 15.3002, 350.371
63.6381, 14.564, 354.054
63.688, 14.2796, 355.57
63.7803, 14.305, 355.439
63.8203, 13.7178, 354.47
63.8934, 12.756, 355.509
63.909, 12.0792, 356.585
63.9776, 10.5537, 357.559
64.0064, 9.37917, 358.236
64.482, 8.30637, 359.411
64.5027, 8.21953, 360.766
64.5188, 8.09505, 361.996
64.5311, 8.08735, 362.827
64.4956, 7.38474, 362.74
64.4273, 6.04439, 362.362
64.4075, 5.96375, 361.288
64.3246, 3.71778, 360.014
64.3586, 3.44141, 358.794
64.2813, 1.64594, 358.344
64.2631, 0.656141, 358.468
64.2964, -0.58986, 358.563
64.3262, -0.994237, 358.214
64.3334, -2.0398, 357.935
64.348, -3.04191, 358.16
64.4201, -3.60204, 358.738
64.5992, -4.97297, 359.615
64.7052, -5.63764, 360.42
64.6801, -6.32525, 360.841
64.6489, -6.95543, 361.049
64.6448, -8.4851, 361.056
64.6162, -8.55771, 360.828
64.6368, -8.55757, 360.595
64.521, -9.90122, 360.108
64.3933, -10.5395, 359.38
64.41, -12.0626, 359.021
64.4049, -13.5425, 361.877
64.1702, -14.2258, 365.851
63.8131, -15.8884, 368.21
63.4063, -16.3827, 372.851
62.7113, -17.5684, 378.801
62.1364, -18.1838, 385.509
61.3848, -19.1134, 394.403
60.9078, -19.6854, 405.024
60.0551, -20.3884, 416.424
59.5749, -20.8822, 427.492
58.7509, -21.4958, 437.1
58.4349, -21.7797, 444.456
58.0961, -22.2272, 448.756
58.0837, -22.5691, 450.722
58.1097, -22.7176, 450.983
58.176, -22.7513, 450.006
58.1792, -22.7483, 449.807
56.8396, -32.909, 450.037
56.739, -32.9278, 451.361
56.2096, -32.9442, 454.265
55.649, -32.8264, 458.499
54.7127, -32.5532, 463.829
53.8359, -32.3095, 469.737
52.5148, -31.8639, 477.626
51.1837, -31.1776, 484.772
50.4217, -30.7531, 492.531
49.1222, -29.8686, 500.119
48.0559, -29.1399, 505.676
46.6591, -27.8389, 508.631
45.6087, -26.7118, 509.665
44.2757, -24.8607, 509.412
43.0828, -23.4115, 508.999
41.6349, -21.1921, 508.877
40.0808, -18.7047, 509.19
39.0042, -17.0844, 509.474
37.4887, -14.511, 509.624
36.3687, -12.6471, 509.711
34.7947, -9.94954, 509.88
33.6888, -8.04149, 510.018
32.035, -5.17324, 510.079
30.9588, -3.30187, 510.135
29.2389, -0.258083, 510.126
28.1051, 1.66673, 510.001
26.4067, 4.60713, 510.096
24.7305, 7.52478, 510.204
23.6205, 9.46455, 510.185
22.0088, 12.3242, 510.164
20.9517, 14.1672, 510.17
19.6474, 16.4406, 510.274
19.0913, 17.4115, 510.533
18.4639, 18.5193, 510.865
18.2511, 18.8445, 511.166
18.1103, 19.0986, 511.239
18.0796, 19.2137, 510.937
18.1167, 19.2005, 507.702
18.2159, 19.2022, 500.742
18.1984, 19.105, 490.186
18.1283, 19.0749, 476.838
18.0634, 18.92, 461.074
18.0125, 18.6829, 443.302
18.2037, 18.5002, 425.274
18.2771, 18.2915, 410.315
18.3639, 18.3147, 403.721
18.4367, 18.3126, 404.134
18.4988, 18.3534, 405.145
18.502, 18.362, 404.893
18.5071, 18.3733, 404.61
18.3845, 18.2479, 404.663
18.0987, 17.9591, 404.648
17.8035, 17.6596, 404.675
17.3883, 17.2386, 404.753
17.1465, 16.9938, 404.807
16.8069, 16.6526, 404.768
16.5529, 16.3619, 404.793
16.4074, 16.2136, 404.884
16.2267, 16.0315, 404.92
16.0836, 15.8888, 404.88
15.7327, 15.5023, 404.863
15.4047, 15.1731, 404.849
14.8712, 14.6034, 404.788
14.485, 14.1809, 404.75
13.9905, 13.6818, 404.758
13.596, 13.2495, 404.783
13.4406, 13.0921, 404.825
13.2797, 12.9291, 404.883
13.2363, 12.8861, 404.859
13.22, 12.8699, 404.846
13.2202, 12.8695, 404.871
13.2201, 12.8697, 404.86
13.22, 12.8702, 404.834
13.2222, 12.8719, 404.855
13.222, 12.8724, 404.824
13.222, 12.8724, 404.822
13.222, 12.8725, 404.817
13.2221, 12.8723, 404.831
13.222, 12.8725, 404.817
13.2219, 12.8726, 404.81
13.222, 12.8726, 404.813
13.222, 12.8726, 404.811
13.2219, 12.8728, 404.8
13.222, 12.8726, 404.811
13.2218, 12.8731, 404.782
13.222, 12.8726, 404.81
13.2218, 12.8731, 404.781
13.222, 12.8726, 404.812
13.2218, 12.8731, 404.784
13.2219, 12.8728, 404.803
13.2218, 12.873, 404.786
13.2219, 12.8729, 404.794
13.2218, 12.8732, 404.778
13.223, 12.8738, 404.804
13.2229, 12.8744, 404.771
13.2229, 12.8742, 404.786
13.2229, 12.8743, 404.779
13.223, 12.874, 404.797
13.2229, 12.8744, 404.773
13.223, 12.8741, 404.787
13.2229, 12.8743, 404.777
13.223, 12.8741, 404.79
13.2229, 12.8745, 404.767
13.2229, 12.8743, 404.779
13.2228, 12.8746, 404.758
13.2229, 12.8742, 404.786
13.2228, 12.8747, 404.756
13.2229, 12.8744, 404.774
13.2228, 12.8746, 404.76
13.2229, 12.8744, 404.772
13.2228, 12.8746, 404.76
13.2228, 12.8745, 404.764
13.2228, 12.8745, 404.764
13.2228, 12.8745, 404.764
13.2229, 12.8745, 404.766
13.2228, 12.8746, 404.762
13.2228, 12.8746, 404.758
13.2228, 12.8745, 404.764
13.2228, 12.8746, 404.759
13.2228, 12.8746, 404.761
13.2228, 12.8745, 404.763
13.2228, 12.8747, 404.754
13.2228, 12.8746, 404.759
13.2228, 12.8747, 404.753
13.2228, 12.8747, 404.755
13.2228, 12.8748, 404.75
13.2228, 12.8747, 404.752
13.2228, 12.8747, 404.754
13.2228, 12.8748, 404.748
13.2228, 12.8747, 404.752
13.2228, 12.8748, 404.75
13.2228, 12.8747, 404.751
13.2228, 12.8748, 404.749
13.2228, 12.8748, 404.751
13.2228, 12.8747, 404.751
13.2228, 12.8747, 404.752
13.2228, 12.8748, 404.747
13.2228, 12.8748, 404.749
13.2228, 12.8748, 404.75
13.2227, 12.8749, 404.74
13.2228, 12.8748, 404.751
13.2227, 12.875, 404.736
13.2227, 12.8749, 404.741
13.2227, 12.875, 404.738
13.2227, 12.8749, 404.741
13.2227, 12.8749, 404.74
13.2625, 12.9156, 404.718
13.7673, 13.4232, 404.795
14.1353, 13.792, 404.852
15.0455, 14.7094, 404.781
15.5658, 15.2352, 404.731
16.3877, 16.067, 404.673
16.9625, 16.6486, 404.665
17.374, 17.0662, 404.625
17.7047, 17.4017, 404.607
17.7805, 17.4771, 404.671
17.8037, 17.4911, 401.986
17.8347, 17.5684, 395.57
17.8405, 17.4954, 385.917
17.8036, 17.4673, 373.181
17.7908, 17.3217, 358.948
17.8532, 17.4229, 345.081
17.843, 17.4574, 335.59
17.9038, 17.4897, 333.792
17.9272, 17.4881, 335.137
17.9265, 17.4882, 335.093
17.912, 17.488, 334.229
17.9156, 17.4877, 334.434
17.9139, 17.4878, 334.336
17.914, 17.4878, 334.343
17.914, 17.4878, 334.343
17.914, 17.4878, 334.343
17.9135, 17.4879, 334.313
17.9138, 17.4824, 334.172
18.101, 17.2546, 333.973
18.5481, 16.546, 333.308
19.1123, 15.4832, 333.357
19.659, 14.3952, 333.677
20.518, 12.6584, 333.691
21.2999, 11.1834, 333.507
22.3816, 9.0199, 333.121
23.216, 7.37668, 333.022
24.5235, 4.80789, 333.021
25.5075, 2.87558, 332.942
27.0359, -0.0645554, 332.972
28.0696, -2.03831, 333.033
29.6785, -5.20182, 332.974
31.3207, -8.4193, 332.956
32.4237, -10.5798, 332.855
34.0952, -13.8375, 332.827
35.2477, -16.0831, 332.9
36.9179, -19.3487, 332.937
38.1327, -21.728, 333.032
39.8012, -25.0081, 333.038
40.9849, -27.3351, 333.027
42.6694, -30.6962, 332.992
44.3368, -34.0204, 332.858
45.3679, -36.0263, 332.56
46.4403, -37.9891, 332.166
46.7783, -38.7367, 331.779
47.3788, -39.8051, 331.733
47.5841, -40.1886, 331.659
47.9288, -40.879, 331.625
48.0604, -41.0234, 331.567
48.0761, -41.1158, 331.147
48.1464, -41.3146, 328.665
48.5243, -41.6852, 323.058
49.1605, -42.2516, 316.43
49.557, -42.6507, 308.186
50.4591, -43.2197, 298.971
51.08, -43.6513, 289.621
51.9864, -44.062, 281.028
52.4565, -44.4652, 274.591
52.7881, -44.8451, 271.346
52.794, -45.0814, 270.017
52.7697, -45.1617, 269.478
52.6649, -45.1666, 269.241
52.694, -45.161, 269.588
53.1435, -45.1578, 269.596
53.6479, -45.1543, 269.586
54.5991, -45.1476, 269.578
55.2569, -45.1429, 269.564
56.3195, -45.1328, 269.692
56.272, -45.0977, 270.407
56.2462, -45.0969, 270.447
56.1679, -45.0964, 270.439
56.3273, -45.0505, 270.375
56.332, -45.1004, 270.253
56.3319, -45.1243, 270.259
56.3319, -45.1243, 270.256
56.3335, -45.1244, 270.253
56.3336, -45.1242, 270.269
56.3336, -45.1242, 270.268
56.3337, -45.124, 270.277
56.3337, -45.124, 270.281
56.3337, -45.124, 270.281
56.3337, -45.1239, 270.284
56.3337, -45.124, 270.281
56.3337, -45.124, 270.281
56.3337, -45.124, 270.28
56.3336, -45.1241, 270.273
56.3336, -45.1241, 270.275
56.3337, -45.124, 270.277
56.3337, -45.124, 270.276
56.3336, -45.1241, 270.274
56.3336, -45.1241, 270.274
56.3337, -45.124, 270.277
56.3336, -45.1241, 270.273
56.3336, -45.1241, 270.271
56.3337, -45.124, 270.276
56.3337, -45.1241, 270.276
56.3336, -45.1241, 270.275
56.3337, -45.124, 270.278
56.3336, -45.1241, 270.271
56.3336, -45.1241, 270.273
56.3336, -45.1241, 270.274
56.3336, -45.1241, 270.272
56.3336, -45.1241, 270.276
56.3336, -45.1241, 270.272
56.3336, -45.1241, 270.272
56.3336, -45.1241, 270.275
56.3336, -45.1241, 270.271
56.3336, -45.1242, 270.268
56.3336, -45.1241, 270.272
56.3336, -45.1241, 270.271
56.3336, -45.1241, 270.269
56.3336, -45.1241, 270.269
56.3336, -45.1242, 270.265
56.3336, -45.1241, 270.269
56.3335, -45.1243, 270.26
56.3335, -45.1243, 270.26
56.3335, -45.1243, 270.261
56.3335, -45.1244, 270.254
56.3335, -45.1244, 270.256
56.3335, -45.1244, 270.255
56.3334, -45.1244, 270.251
56.3335, -45.1244, 270.253
56.3334, -45.1244, 270.25
56.3334, -45.1245, 270.25
56.3334, -45.1244, 270.251
56.3335, -45.1244, 270.254
56.3335, -45.1244, 270.253
56.3334, -45.1245, 270.248
56.3334, -45.1245, 270.243
56.3334, -45.1244, 270.25
56.3334, -45.1245, 270.246
56.3334, -45.1245, 270.245
56.3334, -45.1245, 270.245
56.3334, -45.1246, 270.243
56.3334, -45.1245, 270.246
56.3334, -45.1245, 270.245
56.3334, -45.1245, 270.247
56.3334, -45.1245, 270.249
56.3334, -45.1246, 270.243
56.3334, -45.1245, 270.245
56.3334, -45.1245, 270.246
56.3334, -45.1245, 270.247
56.3334, -45.1245, 270.248
56.3334, -45.1245, 270.247
56.3334, -45.1246, 270.242
56.3334, -45.1245, 270.245
56.3334, -45.1245, 270.247
56.3334, -45.1245, 270.244
56.3334, -45.1245, 270.247
56.3334, -45.1246, 270.242
56.3334, -45.1245, 270.245
56.3334, -45.1246, 270.242
56.3334, -45.1245, 270.246
56.3334, -45.1245, 270.246
56.3334, -45.1246, 270.24
56.3334, -45.1245, 270.243
56.3334, -45.1245, 270.244
56.3334, -45.1245, 270.245
56.3334, -45.1245, 270.246
56.3334, -45.1246, 270.242
56.3334, -45.1246, 270.242
56.3334, -45.1245, 270.244
56.3333, -45.1246, 270.238
56.3334, -45.1246, 270.24
56.3334, -45.1246, 270.24
56.3333, -45.1246, 270.236
56.3333, -45.1246, 270.239
56.3333, -45.1246, 270.236
56.3333, -45.1247, 270.232
56.3333, -45.1247, 270.235
56.3333, -45.1247, 270.235
56.3333, -45.1247, 270.235
56.3332, -45.1248, 270.227
56.3332, -45.1248, 270.225
56.3332, -45.1248, 270.226
56.3332, -45.1248, 270.226
56.3332, -45.1249, 270.222
