29.7, 47.0478, 270.002
29.7039, 47.0547, 270.457
29.722, 46.9972, 273.035
29.7329, 46.7855, 276.588
29.9346, 46.3608, 281.255
30.1011, 45.9808, 286.448
30.6031, 45.4999, 291.042
31.1422, 44.9766, 293.215
32.2106, 44.3633, 294.03
32.9265, 43.9171, 294.535
34.3196, 43.2294, 294.987
35.8962, 42.4411, 295.482
36.9977, 41.8656, 295.953
38.5576, 41.0533, 296.527
39.6924, 40.4631, 297.194
41.3574, 39.5252, 297.936
42.4325, 38.932, 298.729
44.0905, 38.0238, 299.693
45.0635, 37.4527, 301.362
46.5961, 36.5166, 303.103
47.5548, 35.87, 304.469
49.0504, 34.8432, 305.636
50.4004, 33.8465, 306.523
51.379, 33.0677, 307.615
52.8113, 31.9643, 308.795
53.6979, 31.2975, 310.655
54.94, 30.2326, 312.882
55.683, 29.5597, 314.901
56.8554, 28.3933, 316.506
57.6498, 27.5666, 317.82
58.7476, 26.3944, 319.376
59.5866, 25.3927, 322.708
60.2044, 24.7296, 325.275
60.9628, 23.6913, 327.352
61.2712, 22.8812, 331.513
61.5395, 21.8141, 335.733
61.5701, 21.15, 335.737
61.5659, 20.3297, 332.222
61.2727, 19.9364, 329.634
61.012, 19.702, 330.719
60.7081, 19.6235, 334.379
60.4433, 19.4268, 338.532
60.4717, 18.8802, 340.484
60.5414, 18.2881, 341.727
60.8443, 17.1489, 342.342
61.0206, 16.2196, 342.984
61.4043, 15.0073, 344.908
61.5167, 14.6624, 346.494
61.5377, 14.6452, 347.584
61.5357, 14.6472, 347.48
61.8038, 13.5161, 345.502
62.0143, 12.6495, 346.611
62.2461, 11.7521, 348.734
62.4917, 10.6926, 350.952
62.7575, 9.89292, 352.919
62.8369, 9.10513, 355.852
62.8186, 9.09054, 357.746
62.7833, 9.10978, 358.627
62.8186, 9.10404, 359.364
62.833, 9.12657, 360.326
62.8665, 9.12082, 360.954
62.8368, 7.36518, 360.904
62.83, 7.05344, 360.772
62.8202, 7.13587, 360.11
62.8074, 7.21128, 359.366
62.9175, 5.93608, 358.909
62.9431, 4.60822, 358.857
62.9418, 3.76417, 359.443
62.8828, 3.09212, 360.095
62.883, 2.53077, 360.264
62.8822, 2.35451, 360.261
62.878, 1.49877, 360.222
62.9224, 0.820621, 360.059
62.919, 0.179884, 359.816
62.9218, -0.554264, 359.743
62.9278, -1.60006, 360.07
62.9803, -1.78619, 360.444
62.9785, -2.33134, 360.674
62.9788, -2.53394, 360.87
63.0536, -3.83502, 360.76
63.0678, -3.85545, 361.685
63.1501, -3.92518, 365.866
63.0666, -4.63793, 370.606
63.0855, -5.2037, 374.761
62.7729, -6.38519, 379.034
62.5066, -7.2661, 384.547
61.9382, -8.47493, 390.677
61.4894, -9.31708, 399.507
60.7661, -10.2579, 410.428
60.3855, -10.7325, 421.864
59.7326, -11.3763, 434.892
59.1472, -11.6764, 442.672
58.9702, -11.8224, 448.141
58.9468, -11.9563, 450.62
58.9474, -12.0965, 450.37
57.8308, -26.8651, 448.953
57.8313, -26.9143, 449.029
57.5583, -26.9221, 451.305
57.2156, -26.9606, 455.036
56.2377, -26.7148, 459.993
55.3044, -26.2988, 467.103
54.4014, -25.9448, 473.742
53.2288, -25.287, 480.867
52.4989, -24.8955, 488.304
51.2872, -23.931, 495.253
50.3569, -23.0421, 500.031
49.0848, -21.5001, 502.224
48.2337, -20.4396, 502.796
46.7578, -18.4966, 502.549
45.7226, -17.0686, 502.413
44.042, -14.8838, 502.579
42.2005, -12.5141, 502.648
40.9525, -10.8791, 502.63
39.0642, -8.40563, 502.722
37.8, -6.74404, 502.732
35.7942, -4.10908, 502.703
34.459, -2.35663, 502.746
32.4084, 0.341316, 502.775
31.0795, 2.04948, 502.718
28.9845, 4.80261, 502.78
26.9598, 7.46816, 502.794
25.5839, 9.27982, 502.801
23.5957, 11.8983, 502.852
22.2725, 13.6477, 503.025
20.6854, 15.7552, 502.821
19.8095, 16.9124, 502.3
18.7343, 18.3459, 501.941
18.4019, 18.7794, 501.403
18.001, 19.2863, 501.101
17.9634, 19.3342, 501.049
17.993, 19.3327, 499.61
18.0967, 19.2999, 494.425
18.1869, 19.1481, 485.636
18.2614, 19.0099, 473.609
18.4243, 19.1174, 459.03
18.6055, 19.2315, 442.074
18.822, 19.1222, 424.617
19.0727, 18.9483, 410.004
19.1691, 19.0538, 403.197
19.2518, 19.0346, 403.299
19.3119, 19.0568, 405.146
19.3232, 19.0661, 405.237
19.3311, 19.0828, 404.825
19.273, 19.0283, 404.625
18.9128, 18.6648, 404.536
18.6042, 18.3508, 404.55
18.0188, 17.7554, 404.614
17.6524, 17.3837, 404.639
17.104, 16.8282, 404.628
16.7988, 16.5192, 404.636
16.3958, 16.1106, 404.661
16.1599, 15.8713, 404.692
16.0699, 15.7821, 404.608
15.7292, 15.3685, 404.587
15.3889, 14.9882, 404.641
14.5921, 14.1805, 404.756
13.7223, 13.269, 404.804
13.2087, 12.7523, 404.789
12.4584, 11.9628, 404.762
12.0929, 11.5603, 404.762
12.0083, 11.347, 404.387
12.0043, 11.3416, 404.452
12.0442, 11.3814, 404.499
12.044, 11.3819, 404.463
12.0441, 11.3817, 404.48
12.0442, 11.3814, 404.498
12.0441, 11.3816, 404.481
12.0442, 11.3814, 404.494
12.044, 11.382, 404.46
12.0503, 11.3889, 404.437
12.1044, 11.4424, 404.513
12.2075, 11.548, 404.485
12.2634, 11.605, 404.479
12.3439, 11.6872, 404.47
12.3792, 11.7239, 404.432
12.4116, 11.7563, 404.462
12.4135, 11.7591, 404.425
12.4145, 11.7604, 404.416
12.4146, 11.7602, 404.423
12.4146, 11.7602, 404.426
12.4146, 11.7602, 404.425
12.4146, 11.7601, 404.428
12.4146, 11.7602, 404.425
12.4145, 11.7604, 404.415
12.4146, 11.7602, 404.426
12.4145, 11.7603, 404.416
12.4145, 11.7604, 404.415
12.4146, 11.7603, 404.417
12.4146, 11.7601, 404.432
12.4144, 11.7607, 404.395
12.4145, 11.7604, 404.411
12.4145, 11.7606, 404.402
12.4145, 11.7605, 404.407
12.4156, 11.7616, 404.407
12.4156, 11.7615, 404.415
12.4156, 11.7616, 404.41
12.4155, 11.7621, 404.378
12.4156, 11.7615, 404.416
12.4155, 11.7621, 404.379
12.4155, 11.7619, 404.389
12.4156, 11.7617, 404.403
12.4155, 11.762, 404.387
12.4156, 11.7617, 404.401
12.4167, 11.7628, 404.404
12.4175, 11.7643, 404.375
12.422, 11.7684, 404.4
12.425, 11.7723, 404.355
12.4263, 11.7727, 404.403
12.4262, 11.7732, 404.37
12.4263, 11.7729, 404.388
12.4272, 11.7741, 404.379
12.4272, 11.7741, 404.378
12.4272, 11.7741, 404.375
12.4272, 11.7741, 404.379
12.4272, 11.7741, 404.374
12.4272, 11.7741, 404.376
12.4272, 11.7742, 404.372
12.4272, 11.7741, 404.374
12.4272, 11.7741, 404.375
12.4272, 11.7742, 404.373
12.4272, 11.7741, 404.376
12.4272, 11.7742, 404.37
12.4271, 11.7742, 404.369
12.4271, 11.7743, 404.367
12.4271, 11.7742, 404.368
12.4271, 11.7743, 404.364
12.4271, 11.7743, 404.364
12.4271, 11.7743, 404.364
12.4271, 11.7743, 404.365
12.4271, 11.7743, 404.364
12.4271, 11.7743, 404.365
12.4271, 11.7743, 404.364
12.4271, 11.7743, 404.363
12.4271, 11.7743, 404.363
12.4271, 11.7744, 404.36
12.4271, 11.7744, 404.361
12.4271, 11.7744, 404.357
12.4271, 11.7745, 404.356
12.4271, 11.7744, 404.356
12.4271, 11.7745, 404.352
12.4271, 11.7745, 404.355
12.4271, 11.7744, 404.358
12.4271, 11.7744, 404.356
12.4271, 11.7744, 404.359
