-63.8194, -41.0019, 180
-63.82, -41.0016, 180.036
-63.7999, -40.8322, 180.318
-63.7632, -40.4308, 181.44
-63.7818, -40.1231, 181.665
-63.7647, -39.6818, 181.264
-63.7413, -39.4331, 181.729
-63.7424, -39.2716, 182.131
-63.7431, -39.2744, 182.171
-63.7522, -39.0199, 181.719
-63.6884, -37.8148, 180.865
-63.7931, -37.1069, 180.269
-63.7629, -35.6002, 179.94
-63.765, -34.7056, 179.986
-63.721, -34.4948, 180.258
-63.6762, -34.3118, 180.552
-63.6297, -34.3146, 180.642
-63.6205, -33.4215, 180.857
-63.6086, -32.5327, 180.962
-63.6093, -32.5059, 181.033
-63.615, -30.4211, 180.628
-63.6243, -29.1576, 179.635
-63.6083, -28.1353, 179.517
-63.5954, -27.2604, 179.948
-63.5494, -27.2101, 180.085
-63.5471, -27.2251, 179.934
-63.5229, -26.816, 179.892
-63.4281, -25.8368, 179.714
-63.4805, -25.7105, 179.981
-63.5524, -24.3329, 180.159
-63.5521, -23.6384, 180.479
-63.5563, -23.3006, 181.067
-63.5257, -22.7267, 181.525
-63.4544, -22.641, 181.727
-63.4336, -21.9312, 181.919
-63.4018, -21.009, 181.828
-63.3983, -20.9703, 181.683
-63.4963, -19.4596, 181.765
-63.5067, -18.2501, 181.577
-63.4773, -17.1905, 181.566
-63.4759, -16.2524, 181.447
-63.4432, -14.6318, 183.946
-63.3913, -13.8826, 187.236
-62.949, -12.2536, 189.953
-62.8175, -11.6189, 195.2
-62.411, -10.2545, 201.213
-62.2672, -9.65253, 209.274
-61.7427, -8.48756, 219.135
-61.0258, -7.54863, 232.193
-60.5819, -7.06493, 243.616
-59.4917, -6.46628, 255.062
-58.8841, -6.19366, 266.6
-57.5982, -5.79292, 278.125
-56.8319, -5.80645, 289.639
-55.7344, -6.09193, 301.125
-55.1676, -6.3067, 312.367
-54.2665, -7.03156, 323.557
-53.8373, -7.42617, 334.716
-53.2904, -8.33011, 348.249
-48.2173, 29.8794, 359.792
-48.1033, 29.1821, 371.472
-48.1383, 28.4642, 383.263
-48.3684, 27.6451, 394.72
-48.7313, 26.9614, 405.657
-49.2248, 26.3587, 416.741
-49.902, 25.7941, 427.648
-50.3158, 25.5079, 437.801
-51.1163, 25.2597, 445.84
-51.3267, 25.1766, 450.99
-51.3697, 25.1723, 451.344
-51.3481, 25.1889, 450.233
-51.3379, 25.2265, 449.34
-51.3227, 25.2264, 449.361
-51.3278, 25.2166, 450.004
-51.0485, 25.1742, 452.327
-50.6248, 25.0677, 456.81
-50.0691, 24.887, 461.287
-49.1984, 24.6229, 464.928
-48.2416, 24.3391, 467.02
-46.8066, 23.8395, 468.127
-45.6723, 23.4756, 468.782
-43.7426, 22.8257, 469.271
-42.4227, 22.3234, 469.792
-40.3691, 21.5993, 470.059
-39.0142, 21.074, 470.222
-36.7761, 20.2465, 470.3
-35.2555, 19.6834, 470.301
-32.9535, 18.8353, 470.225
-30.5743, 17.9584, 470.245
-28.9953, 17.4, 470.286
-26.6427, 16.528, 470.355
-24.9988, 15.9154, 470.427
-22.5069, 14.9885, 470.385
-20.9472, 14.4107, 470.341
-18.4213, 13.5048, 469.13
-17.3033, 13.3796, 461.832
-15.9612, 13.1931, 457.916
-15.085, 13.2298, 454.907
-15.0921, 13.1332, 454.967
-15.1266, 12.987, 455.28
-15.1288, 13.037, 455.174
-15.1235, 13.0354, 455.247
-15.1219, 13.0353, 455.246
-15.1219, 13.0352, 455.249
-15.1174, 13.0348, 455.247
-15.1083, 13.0338, 455.258
-15.1084, 13.0337, 455.269
-15.1084, 13.0337, 455.268
-15.1083, 13.0337, 455.266
-15.1083, 13.0337, 455.264
-15.1084, 13.0336, 455.271
-15.1084, 13.0336, 455.271
-15.112, 13.033, 455.337
-15.4735, 13.0364, 455.85
-16.2047, 13.1053, 456.546
-16.3924, 13.1022, 456.593
-16.891, 13.155, 456.944
-17.0741, 13.1128, 461.856
-17.2066, 13.1339, 467.413
-17.2937, 13.6056, 471.802
-17.2361, 14.2448, 475.992
-17.2284, 14.7807, 481.105
-17.3282, 15.2041, 487.058
-17.4667, 16.0119, 491.501
-17.6341, 16.3415, 490.411
-17.8477, 16.9382, 487.667
-18.0583, 17.342, 485.676
-18.269, 17.627, 484.632
-18.4552, 17.846, 484.436
-18.5771, 17.9248, 484.715
-18.5647, 17.9097, 485.046
-18.2443, 17.6785, 485.328
-17.3526, 17.0453, 485.316
-16.5377, 16.4699, 485.267
-15.3427, 15.6191, 485.399
-14.8814, 15.3272, 485.153
-14.8351, 15.2607, 485.39
-14.8265, 15.2311, 485.073
-14.8139, 15.2502, 485.148
-14.7766, 15.2234, 485.172
-14.7496, 15.2053, 485.127
-14.7464, 15.2023, 485.166
-14.7331, 15.2216, 485.202
-14.7332, 15.2201, 485.286
-14.737, 15.1934, 485.287
-14.7043, 15.1721, 485.191
-14.6067, 15.1075, 484.979
-14.5873, 15.0932, 485.02
-14.5908, 15.093, 485.158
-14.5558, 15.0683, 485.165
-14.552, 15.067, 485.09
-14.5518, 15.0671, 485.076
-14.5503, 15.0679, 484.975
-14.5476, 15.0677, 484.883
-14.543, 15.0671, 484.747
-14.5427, 15.0657, 484.807
-14.5418, 15.0631, 484.919
-14.5407, 15.0621, 484.932
-14.5413, 15.0618, 484.969
-14.5056, 15.0653, 485.013
-14.9908, 15.3744, 485.139
-15.8287, 15.9634, 485.253
-16.1099, 16.1029, 485.289
-16.5059, 16.3524, 485.405
-16.805, 16.5633, 485.509
-16.9201, 16.6466, 485.442
-17.0772, 16.7587, 485.426
-17.1229, 16.7905, 485.465
-17.134, 16.7986, 485.451
-17.1339, 16.7986, 485.447
-17.1336, 16.7987, 485.43
-17.1337, 16.7987, 485.435
-17.1336, 16.7987, 485.431
-17.1337, 16.7987, 485.435
-17.1338, 16.7987, 485.438
-17.1338, 16.7987, 485.441
-17.1338, 16.7987, 485.441
-17.1338, 16.7986, 485.442
-17.1338, 16.7986, 485.442
-17.1338, 16.7986, 485.442
-17.1338, 16.7986, 485.443
-17.1338, 16.7986, 485.442
-17.1337, 16.7987, 485.436
-17.1338, 16.7987, 485.439
-17.1337, 16.7987, 485.435
-17.1338, 16.7987, 485.44
-17.1337, 16.7987, 485.437
-17.1338, 16.7987, 485.441
-17.1338, 16.7987, 485.439
-17.1339, 16.7986, 485.447
-17.1338, 16.7987, 485.442
-17.1338, 16.7986, 485.443
-17.1339, 16.7986, 485.445
-17.1339, 16.7986, 485.445
-17.1339, 16.7986, 485.446
-17.1339, 16.7986, 485.446
-17.1339, 16.7986, 485.449
-17.1339, 16.7986, 485.446
-17.134, 16.7986, 485.453
-17.134, 16.7986, 485.451
-17.1339, 16.7986, 485.45
-17.1339, 16.7986, 485.449
-17.1338, 16.7986, 485.444
-17.1339, 16.7986, 485.449
-17.1339, 16.7986, 485.448
-17.134, 16.7986, 485.453
-17.1339, 16.7986, 485.446
-17.134, 16.7986, 485.452
-17.1339, 16.7986, 485.449
-17.1338, 16.7986, 485.441
-17.134, 16.7985, 485.455
-17.1339, 16.7986, 485.449
-17.1339, 16.7986, 485.45
-17.1339, 16.7986, 485.45
-17.134, 16.7985, 485.455
-17.1371, 16.8127, 486.399
-17.205, 16.7902, 488.731
-17.4119, 17.069, 491.454
-17.639, 17.5166, 494.359
-18.1962, 18.2779, 496.318
-18.8385, 19.1513, 497.422
-19.8691, 20.4167, 498.067
-21.416, 22.1357, 497.6
-22.4452, 23.2623, 497.361
-24.2176, 25.1882, 497.22
-25.5047, 26.5417, 496.77
-27.5582, 28.7203, 496.335
-28.9148, 30.1764, 495.444
-31.049, 32.2912, 494.245
-33.0872, 34.241, 492.15
-34.466, 35.5181, 489.996
-36.4509, 37.1957, 487.919
-37.7397, 38.4404, 486.035
-39.937, 40.2277, 484.457
-41.2588, 41.3109, 482.846
-43.3054, 42.9016, 480.092
-44.4553, 43.6658, 476.07
-46.1826, 44.7372, 473.079
-47.1006, 45.4617, 469.68
-48.4456, 46.2378, 464.771
-49.1029, 46.8408, 458.419
-50.0162, 47.4134, 451.214
-50.6422, 47.8324, 448.772
-51.0463, 48.1101, 448.849
-51.5785, 48.2363, 449.5
-51.843, 48.2497, 450.15
-52.2589, 48.2722, 450.38
-52.451, 48.3233, 450.253
-52.6518, 48.3242, 450.248
-52.7567, 48.3238, 450.307
-52.8342, 48.3254, 450.23
-52.8524, 48.3256, 450.217
-52.8555, 48.3257, 450.214
-52.8557, 48.3254, 450.233
-52.8637, 48.3248, 450.272
-53.2084, 48.3271, 450.227
-53.5398, 48.3523, 450.231
-54.3025, 48.355, 450.275
-55.0128, 48.3583, 450.294
-55.9808, 48.3632, 450.306
-56.7774, 48.3433, 450.334
-57.9204, 48.3498, 450.35
-59.1404, 48.2853, 450.361
-60.0131, 48.2907, 450.355
-61.3774, 48.275, 450.421
-62.2705, 48.1883, 450.199
-62.983, 48.111, 450.793
-62.9823, 47.9367, 451.208
-62.9408, 47.8127, 451.405
-63.1551, 47.8416, 451.426
-63.3014, 47.839, 451.867
-63.2413, 47.8124, 451.903
-63.238, 47.8125, 451.889
-63.2381, 47.8123, 451.9
-63.2382, 47.8123, 451.902
-63.2381, 47.8125, 451.893
-63.2381, 47.8125, 451.893
-63.238, 47.8126, 451.885
-63.238, 47.8125, 451.888
-63.238, 47.8126, 451.885
-63.238, 47.8126, 451.882
-63.238, 47.8127, 451.88
-63.238, 47.8126, 451.884
-63.238, 47.8127, 451.88
-63.238, 47.8126, 451.885
-63.238, 47.8126, 451.884
-63.238, 47.8126, 451.883
-63.2379, 47.8127, 451.876
-63.238, 47.8127, 451.879
-57.4973, 44.6892, 451.741
-57.4549, 44.7123, 450.171
-56.9882, 44.7704, 445.867
-56.7794, 44.9294, 438.816
-56.3848, 45.084, 428.577
-56.175, 45.109, 415.941
-55.6773, 45.0959, 403.261
-55.0789, 45.3078, 392.807
-54.5311, 45.785, 386.466
-54.0195, 46.305, 383.743
-53.5865, 46.9553, 384.721
-53.0899, 47.7641, 387.546
-52.7495, 48.3411, 390.407
-52.1763, 49.3057, 392.395
-51.7049, 49.9873, 393.876
-50.9633, 51.1388, 395.54
-50.3717, 52.0515, 397.477
-49.5171, 53.3271, 400.115
-48.5391, 54.5812, 403.168
-48.0084, 55.2953, 407.07
-47.0585, 56.517, 411.081
-46.3703, 57.3713, 416.289
-45.0617, 58.5807, 423.019
-44.1344, 59.5876, 430.408
-42.4409, 60.7941, 437.195
-40.9925, 61.2785, 442.698
-38.8849, 62.1865, 446.451
-36.944, 62.5723, 450.032
-34.4313, 62.6585, 449.586
-31.586, 62.7743, 444.968
-29.4059, 63.0361, 443.087
-26.285, 63.2914, 443.356
-24.1491, 63.4503, 445.392
-20.8089, 63.5907, 447.136
-18.4211, 63.5715, 448.245
-14.8373, 63.6605, 448.631
-11.0518, 63.7539, 448.532
-8.40128, 63.8331, 448.226
-4.49105, 63.9601, 448.145
-1.5933, 64.0461, 448.355
2.51015, 64.1719, 448.671
5.54068, 64.2602, 448.784
9.72892, 64.3022, 448.751
12.7847, 64.4004, 448.554
16.9608, 64.5096, 448.494
19.9878, 64.5881, 448.508
24.315, 64.6813, 448.423
26.8799, 64.7579, 448.264
30.2669, 64.8695, 448.038
32.6619, 64.9048, 448.02
33.5653, 64.8845, 448.177
34.1712, 64.901, 448.33
34.2739, 64.926, 448.457
34.3722, 64.9128, 449.407
34.4606, 64.846, 452.208
34.787, 64.7, 455.44
35.3603, 64.4919, 459.357
35.78, 64.3239, 463.44
36.4637, 64.0739, 468.708
36.8439, 63.725, 474.853
37.4597, 63.2152, 481.815
37.7262, 62.8859, 489.259
38.267, 62.2338, 496.88
38.9395, 61.6483, 504.672
39.4048, 61.2563, 512.617
40.0009, 60.9031, 520.414
40.6877, 60.1629, 528.222
41.4696, 59.3801, 537.705
41.9453, 58.8782, 545.589
42.3614, 57.9757, 553.187
42.8451, 57.0149, 560.633
43.2728, 56.2125, 568.169
43.4303, 55.1479, 575.712
43.6555, 54.2905, 583.333
43.4755, 53.2961, 591.002
43.4458, 52.3304, 598.639
43.0033, 51.3047, 606.261
42.5568, 50.4391, 615.333
42.2789, 50.0435, 621.888
41.8933, 49.53, 627.069
41.9054, 49.241, 630.151
49.0155, 45.0556, 630.861
49.0152, 45.0259, 630.484
48.6973, 45.0046, 630.482
48.2516, 44.9889, 630.762
46.9316, 44.9548, 631.531
45.6314, 44.9389, 632.319
43.701, 44.9573, 632.754
41.1171, 45.0832, 633.419
39.5721, 45.1454, 634.033
37.0328, 45.3105, 635.019
35.3593, 45.4668, 637.107
34.8184, 45.4588, 636.894
34.9739, 45.4518, 635.991
34.9224, 45.4505, 635.565
34.8492, 45.4525, 635.251
34.9835, 45.4379, 635.083
34.996, 45.4349, 634.957
34.9963, 45.4353, 634.983
34.9964, 45.4354, 634.993
34.9964, 45.4354, 634.992
34.9965, 45.4355, 635.002
34.9965, 45.4356, 635.004
34.9965, 45.4356, 635.007
34.9965, 45.4356, 635.008
34.9965, 45.4356, 635.01
34.9965, 45.4356, 635.011
34.9965, 45.4356, 635.011
34.9965, 45.4356, 635.011
34.9966, 45.4357, 635.013
34.9966, 45.4358, 635.018
34.9982, 45.4356, 635.018
34.9982, 45.4357, 635.021
34.9982, 45.4357, 635.021
34.9982, 45.4356, 635.019
34.9982, 45.4356, 635.017
34.9982, 45.4356, 635.019
34.9982, 45.4357, 635.021
34.9982, 45.4357, 635.021
34.9982, 45.4356, 635.018
34.9982, 45.4356, 635.019
34.9982, 45.4356, 635.018
34.9982, 45.4357, 635.023
34.9982, 45.4357, 635.02
34.9982, 45.4357, 635.023
34.9982, 45.4357, 635.025
34.9983, 45.4357, 635.026
34.9982, 45.4357, 635.024
34.9982, 45.4357, 635.024
34.9983, 45.4357, 635.025
34.9982, 45.4357, 635.022
34.9983, 45.4357, 635.026
34.9982, 45.4357, 635.025
34.9988, 45.4366, 635.083
35.2846, 45.3981, 634.098
35.6183, 45.4487, 632.317
36.9277, 45.6321, 629.941
37.7757, 45.7422, 628.503
39.5622, 45.8852, 627.933
40.638, 46.018, 627.438
42.7047, 46.111, 627.351
44.2123, 46.2282, 627.222
46.4747, 46.3868, 627.079
47.9234, 46.485, 626.981
50.2421, 46.6069, 627.096
51.8922, 46.7147, 627.251
53.9487, 46.8843, 627.138
55.1776, 46.9929, 626.902
56.4455, 47.0614, 626.83
57.0382, 47.0943, 626.831
57.4481, 47.1163, 626.773
57.5972, 47.1256, 626.837
57.8623, 47.1405, 626.857
58.2401, 47.1624, 626.968
58.8517, 47.2192, 627.001
59.7279, 47.2662, 627.182
60.3458, 47.297, 627.237
61.4704, 47.3513, 627.243
62.2475, 47.3837, 626.867
62.3197, 47.3906, 625.608
62.2204, 47.3728, 624.958
62.1981, 47.3689, 624.83
62.2962, 47.3783, 624.861
62.3035, 47.3816, 625.034
62.2997, 47.405, 625.009
62.2995, 47.4046, 624.986
62.2996, 47.4047, 624.991
62.2995, 47.4045, 624.979
62.2995, 47.4045, 624.979
62.2995, 47.4046, 624.982
62.2995, 47.4046, 624.982
62.2995, 47.4046, 624.982
62.2995, 47.4045, 624.979
62.2994, 47.4045, 624.976
62.2995, 47.4045, 624.977
62.2994, 47.4044, 624.974
62.2994, 47.4045, 624.975
62.2994, 47.4044, 624.973
62.2994, 47.4044, 624.973
62.2994, 47.4045, 624.975
62.2994, 47.4045, 624.977
62.2994, 47.4045, 624.976
62.2994, 47.4045, 624.977
62.2994, 47.4045, 624.977
62.2994, 47.4045, 624.977
62.2995, 47.4045, 624.978
56.349, 45.5597, 624.978
56.349, 45.5597, 624.979
56.0443, 45.5354, 625.117
55.2065, 45.4684, 625.321
54.1438, 45.4237, 626.078
52.5107, 45.2934, 627.04
51.0249, 45.2586, 627.654
48.8012, 45.1692, 628.438
47.1206, 45.1543, 629.437
44.2447, 45.1372, 630.439
41.5676, 45.2122, 631.948
39.527, 45.27, 633.733
36.5721, 45.4505, 635.794
34.8897, 45.5924, 639.655
32.631, 45.8269, 643.617
32.1356, 45.5929, 639.52
31.6464, 45.5839, 633.959
31.2051, 45.5831, 628.716
30.7521, 45.5413, 625.609
30.5218, 45.7961, 623.335
29.4948, 45.6199, 622.069
29.3935, 45.5866, 620.858
29.3037, 45.5583, 621.491
29.1983, 45.5447, 621.63
29.201, 45.5439, 621.553
29.2, 45.5452, 621.642
29.1997, 45.5443, 621.59
29.1999, 45.5449, 621.627
29.1998, 45.5446, 621.61
29.1998, 45.5448, 621.617
29.1998, 45.5448, 621.617
29.1998, 45.5447, 621.615
29.1998, 45.5447, 621.615
29.1998, 45.5447, 621.613
29.1998, 45.5447, 621.611
29.1998, 45.5447, 621.614
29.1998, 45.5448, 621.617
29.1999, 45.5448, 621.62
29.1998, 45.5448, 621.618
29.1998, 45.5448, 621.619
29.1998, 45.5448, 621.619
29.1998, 45.5448, 621.617
29.1998, 45.5448, 621.618
29.1998, 45.5448, 621.617
29.1998, 45.5448, 621.617
29.1998, 45.5447, 621.616
29.1998, 45.5448, 621.619
29.1998, 45.5448, 621.619
29.1998, 45.5447, 621.615
29.1998, 45.5448, 621.617
29.1998, 45.5448, 621.617
29.1998, 45.5448, 621.618
29.1998, 45.5448, 621.62
29.1999, 45.5448, 621.62
29.1998, 45.5447, 621.616
29.1998, 45.5448, 621.619
29.1999, 45.5448, 621.62
29.1999, 45.5449, 621.624
29.1999, 45.5449, 621.626
29.1998, 45.5447, 621.612
29.1998, 45.5446, 621.607
29.1998, 45.5446, 621.608
29.1998, 45.5445, 621.603
29.1997, 45.5445, 621.598
29.1997, 45.5444, 621.595
29.1997, 45.5445, 621.597
29.1997, 45.5445, 621.597
29.1998, 45.5446, 621.607
29.1999, 45.5449, 621.626
29.1997, 45.5445, 621.598
29.1998, 45.5446, 621.608
29.1998, 45.5447, 621.61
29.1998, 45.5447, 621.612
29.1998, 45.5447, 621.612
29.1998, 45.5447, 621.614
29.1998, 45.5447, 621.612
29.1998, 45.5447, 621.611
29.1998, 45.5446, 621.609
29.1998, 45.5447, 621.609
29.1998, 45.5446, 621.609
29.1998, 45.5447, 621.61
29.1998, 45.5447, 621.61
29.1998, 45.5447, 621.611
29.1998, 45.5446, 621.609
29.1998, 45.5447, 621.612
29.1998, 45.5447, 621.61
29.1998, 45.5447, 621.61
29.1998, 45.5446, 621.609
29.1998, 45.5447, 621.609
29.1998, 45.5446, 621.609
29.1998, 45.5447, 621.612
29.1998, 45.5446, 621.609
29.1998, 45.5447, 621.614
29.1998, 45.5447, 621.613
29.1998, 45.5448, 621.617
29.1998, 45.5448, 621.618
29.1998, 45.5448, 621.617
29.1998, 45.5448, 621.616
29.1999, 45.5448, 621.619
29.1999, 45.5448, 621.617
29.1998, 45.5448, 621.616
