29.7787, 47.1265, 270.001
29.7817, 47.1318, 270.347
29.8049, 47.1728, 273.102
29.8213, 46.9847, 276.66
30.0525, 46.5309, 281.348
30.2656, 46.1639, 286.486
30.8687, 45.6664, 290.969
31.3818, 45.1802, 293.033
32.498, 44.5506, 293.727
33.3548, 44.072, 294.09
34.8107, 43.4218, 294.537
36.3741, 42.7607, 295.073
37.5517, 42.2131, 295.707
39.1296, 41.4533, 296.385
40.332, 40.8601, 297.095
42.0572, 39.9755, 297.974
43.1475, 39.4562, 298.885
44.8135, 38.5917, 300.39
45.7926, 38.0569, 302.248
47.3153, 37.2376, 303.896
48.3569, 36.6026, 305.304
49.85, 35.5752, 306.801
51.2379, 34.6273, 308.033
52.1563, 33.9176, 309.39
53.5289, 32.8227, 311.052
54.3945, 32.1152, 313.032
55.7114, 30.9156, 314.957
56.4528, 30.2939, 316.691
57.6651, 29.0794, 318.382
58.4445, 28.2896, 320.114
59.5399, 27.1372, 322.425
60.4456, 26.0498, 326.397
61.0176, 25.4047, 329.655
61.8418, 24.2953, 332.174
62.3024, 23.4004, 336.407
62.6845, 22.2547, 341.675
62.6935, 21.4077, 343.055
62.9626, 20.5765, 344.54
63.1087, 20.1948, 349.586
63.2183, 19.7906, 355.345
63.2941, 19.2761, 358.846
63.3202, 18.2774, 360.143
63.3166, 17.0114, 360.191
63.2918, 15.9826, 360.318
63.2168, 14.7379, 360.992
63.212, 14.2717, 361.326
63.1879, 13.3045, 361.1
63.1753, 12.8737, 360.718
63.1598, 11.9072, 360.21
63.0811, 11.2022, 359.738
63.1063, 10.4698, 359.481
63.1711, 8.8336, 359.668
63.2099, 8.51343, 360.693
63.1308, 8.31059, 362.152
63.1707, 8.29665, 363.235
63.184, 8.24612, 364.354
63.0169, 6.09366, 364.616
63.1007, 5.94235, 364.602
63.0528, 6.04413, 364.102
62.8812, 3.74429, 362.694
62.8505, 2.92229, 360.53
62.8405, 1.1319, 359.308
62.8298, -0.00035183, 359.11
62.8897, -0.926777, 358.851
62.8603, -1.9108, 358.65
62.9751, -2.59938, 358.895
62.9541, -3.94992, 359.273
62.9709, -5.20828, 359.528
62.9843, -6.2234, 359.845
62.9917, -7.38108, 360.678
62.9706, -7.81385, 361.481
62.9771, -8.19922, 360.952
62.9497, -9.68753, 359.26
62.9166, -9.77225, 356.771
62.8285, -9.67097, 354.68
62.6755, -9.86447, 354.468
62.69, -10.6627, 355.599
62.8498, -12.1271, 356.235
62.9399, -13.112, 356.309
63.0182, -14.676, 356.998
63.0989, -15.9408, 358.781
63.164, -17.339, 365.814
62.546, -18.6571, 368.987
62.2482, -19.6418, 372.506
61.5905, -20.7339, 378.509
61.1234, -21.6025, 386.083
60.4279, -22.4887, 394.963
59.8587, -23.2017, 405.864
59.0921, -23.8897, 417.716
58.6342, -24.3511, 429.677
57.9551, -24.9952, 440.032
57.5749, -25.8339, 447.65
57.54, -26.2628, 450.586
57.5931, -26.5767, 450.664
57.4129, -35.1716, 449.184
57.4238, -35.2403, 448.974
57.236, -35.2715, 451.016
56.5197, -35.2871, 454.439
55.9583, -35.1222, 459.16
54.8789, -34.827, 465.796
53.5695, -34.4471, 471.992
52.7906, -34.1891, 478.492
51.4345, -33.4798, 485.591
50.5002, -32.8951, 493.292
49.1153, -31.9819, 500.537
48.3924, -31.2151, 505.581
47.3151, -29.6739, 508.478
46.3839, -28.3796, 509.628
45.1811, -26.3228, 509.676
43.7679, -24.1061, 509.257
42.867, -22.4985, 509.056
41.3271, -19.9787, 509.063
40.3392, -18.3765, 509.216
38.7306, -15.6275, 509.277
37.6493, -13.8542, 509.253
35.9901, -11.0663, 509.239
34.8547, -9.15802, 509.338
33.1185, -6.36895, 509.379
32.0212, -4.51496, 509.454
30.2457, -1.55279, 509.508
28.4676, 1.37123, 509.447
27.3225, 3.30913, 509.53
25.6383, 6.17948, 509.796
24.526, 8.09409, 509.888
22.8651, 10.9565, 509.771
21.7376, 12.8903, 509.649
20.4135, 15.2438, 509.285
19.6138, 16.5898, 509.043
18.6472, 18.2005, 508.964
18.0928, 19.122, 508.975
17.9569, 19.348, 508.973
17.881, 19.4728, 509.024
17.9356, 19.446, 506.913
17.999, 19.4273, 501.085
18.0546, 19.3657, 491.746
18.022, 19.2905, 479.337
18.0824, 19.3572, 464.393
18.1838, 19.6131, 447.164
18.3089, 19.4579, 428.877
18.4362, 19.1995, 409.899
18.5224, 19.3058, 402.657
18.5573, 19.2757, 402.526
18.6035, 19.2935, 403.965
18.587, 19.3074, 404.129
18.5863, 19.3141, 403.786
18.6041, 19.2958, 403.889
18.6043, 19.2951, 403.933
18.6042, 19.2955, 403.905
18.6043, 19.2952, 403.923
18.6043, 19.2952, 403.922
18.6043, 19.2952, 403.926
18.5876, 19.3097, 404.052
18.501, 19.216, 404.276
18.1316, 18.8377, 404.228
17.7999, 18.4964, 404.265
17.2698, 17.9524, 404.283
16.9175, 17.5914, 404.265
16.442, 17.104, 404.224
16.2004, 16.8549, 404.277
15.8988, 16.5433, 404.419
15.7763, 16.4187, 404.398
15.7277, 16.3701, 404.347
15.3535, 15.9879, 404.308
15.0608, 15.688, 404.319
14.553, 15.1332, 404.347
14.0167, 14.5851, 404.322
13.6555, 14.2154, 404.308
13.2451, 13.7956, 404.257
13.0673, 13.6134, 404.247
12.9227, 13.4653, 404.227
12.8984, 13.4052, 404.264
12.8963, 13.4027, 404.281
12.9134, 13.3862, 404.266
12.9154, 13.3892, 404.221
12.9378, 13.412, 404.234
12.9442, 13.4191, 404.206
12.9495, 13.4247, 404.2
12.9495, 13.4247, 404.199
12.9495, 13.4246, 404.203
12.9495, 13.4245, 404.211
12.9495, 13.4246, 404.204
12.9506, 13.4257, 404.204
12.9505, 13.426, 404.186
12.9506, 13.4258, 404.202
12.9505, 13.426, 404.185
12.9504, 13.4265, 404.16
12.9504, 13.4263, 404.172
12.9505, 13.426, 404.189
12.9502, 13.4271, 404.123
12.9503, 13.4268, 404.14
12.9501, 13.4274, 404.102
12.95, 13.4278, 404.078
12.9502, 13.4271, 404.122
12.9501, 13.4275, 404.098
12.9501, 13.4274, 404.106
12.9496, 13.429, 404.01
12.9518, 13.4308, 404.027
12.9539, 13.4333, 404.017
12.9539, 13.4332, 404.02
12.9542, 13.4324, 404.065
12.9547, 13.4307, 404.17
12.9545, 13.4312, 404.143
12.9544, 13.4315, 404.12
12.9546, 13.4309, 404.155
12.9545, 13.4312, 404.138
12.9556, 13.4326, 404.126
12.9557, 13.4322, 404.15
12.9557, 13.4322, 404.146
12.9557, 13.4322, 404.146
12.9557, 13.4319, 404.163
12.9556, 13.4323, 404.141
12.9557, 13.4321, 404.154
12.9556, 13.4323, 404.143
12.9556, 13.4323, 404.139
12.9557, 13.4322, 404.15
12.9556, 13.4325, 404.129
12.9557, 13.4321, 404.153
12.9556, 13.4324, 404.133
12.9556, 13.4324, 404.138
12.9556, 13.4323, 404.143
12.9555, 13.4327, 404.116
12.9557, 13.4321, 404.155
12.9555, 13.4326, 404.124
12.9556, 13.4324, 404.137
12.9556, 13.4325, 404.132
12.9555, 13.4326, 404.124
12.9556, 13.4324, 404.137
12.9554, 13.433, 404.101
12.9558, 13.4319, 404.168
12.9556, 13.4324, 404.134
12.9726, 13.4164, 404.092
12.9729, 13.4153, 404.157
12.9727, 13.416, 404.119
12.9729, 13.4153, 404.155
12.9728, 13.4157, 404.131
12.9729, 13.4154, 404.15
12.9728, 13.4157, 404.133
12.9728, 13.4157, 404.135
12.9728, 13.4159, 404.123
12.9727, 13.416, 404.115
12.9728, 13.4158, 404.129
12.9728, 13.4158, 404.126
12.9727, 13.4161, 404.112
12.9728, 13.4159, 404.122
12.9727, 13.416, 404.116
12.9727, 13.416, 404.117
12.9727, 13.416, 404.117
12.9727, 13.4161, 404.113
12.9728, 13.4159, 404.122
13.1342, 13.5816, 404.155
13.6007, 14.06, 404.222
14.0958, 14.5694, 404.202
14.8728, 15.3699, 404.163
15.4261, 15.9372, 404.234
16.2003, 16.7341, 404.183
16.6603, 17.2101, 404.08
17.0286, 17.5602, 403.931
17.173, 17.7112, 403.887
17.1933, 17.7366, 403.687
17.2742, 17.7171, 399.058
17.3005, 17.7158, 391.03
17.4018, 17.6547, 379.628
17.5189, 17.7224, 365.716
17.6584, 17.8029, 351.286
17.8497, 17.9433, 338.933
17.8439, 18.112, 333.826
17.8544, 18.1192, 334.654
17.8099, 18.2353, 335.237
17.7995, 18.2361, 334.641
17.7965, 18.2363, 334.468
17.797, 18.2362, 334.499
17.7965, 18.2363, 334.465
