56.2385, -47.169, 270.001
56.2313, -47.1766, 269.502
56.1605, -47.2366, 265.769
56.1117, -47.3515, 258.7
56.0398, -47.4342, 248.474
55.9106, -47.4314, 236.763
55.7865, -47.6386, 225.5
55.329, -48.1717, 216.545
55.0483, -48.5499, 214.216
54.4845, -49.3783, 214.345
54.1715, -49.8604, 216.083
53.4997, -50.722, 218.575
53.0159, -51.2785, 221.053
52.1823, -52.2573, 223.242
51.5166, -52.8696, 225.013
50.4163, -54.0324, 226.756
49.7188, -54.7929, 228.594
48.684, -55.8563, 231.713
47.5005, -56.9305, 235.418
46.8781, -57.6004, 239.376
45.8199, -58.4436, 243.071
45.0748, -59.127, 246.832
43.9111, -59.9253, 250.78
42.7056, -60.6935, 255.523
40.9707, -61.4508, 259.545
38.6321, -62.2325, 262.955
37.0254, -62.6957, 265.369
34.1764, -63.1375, 267.231
32.2597, -63.515, 268.826
29.0731, -63.841, 269.979
26.878, -64.0725, 270.923
23.2966, -64.2207, 271.635
20.9504, -64.3751, 272.128
17.2435, -64.4037, 272.121
14.6939, -64.3377, 272.016
10.682, -64.2235, 271.95
6.71948, -64.0666, 271.928
3.89679, -64.0152, 272.082
0.0284366, -63.7825, 272.446
-2.9622, -63.6761, 272.499
-6.91409, -63.5013, 272.543
-10.0509, -63.3169, 272.518
-13.9538, -63.0908, 272.632
-17.1003, -62.9424, 272.732
-21.2824, -62.7909, 272.753
-25.3301, -62.5827, 273.066
-27.9175, -62.4186, 273.754
-30.8684, -62.2301, 274.197
-32.2602, -62.1189, 274.527
-33.3565, -62.0476, 274.881
-33.6857, -62.0643, 275.063
-33.7772, -62.0557, 275.094
-33.7798, -62.0455, 275.748
-34.1527, -61.9643, 278.089
-34.4557, -61.8562, 281.746
-35.0242, -61.6118, 287.972
-35.7136, -61.321, 294.218
-36.1237, -61.2055, 301.065
-36.9212, -60.8387, 308.328
-37.3951, -60.6448, 315.873
-38.1811, -60.1275, 323.652
-38.7326, -59.9324, 331.501
-39.5216, -59.3201, 339.394
-40.1596, -58.9473, 347.255
-40.8486, -58.1292, 355.077
-41.6123, -57.3526, 364.393
-42.246, -56.6704, 372.039
-42.7506, -55.7249, 379.726
-43.1421, -54.9361, 387.506
-43.3166, -53.8505, 395.541
-43.5934, -52.9065, 403.525
-43.4615, -51.8757, 411.572
-43.4355, -50.9916, 419.666
-43.0939, -49.8876, 427.777
-42.7629, -48.9955, 435.668
-42.2692, -48.0546, 443.88
-42.1282, -47.4439, 448.727
-42.1204, -47.1545, 450.23
-42.1826, -46.9834, 450.047
-43.6014, -45.8472, 449.264
-43.5096, -45.8, 449.392
-42.7789, -45.7816, 450.056
-41.9489, -45.83, 451.083
-40.4147, -45.8968, 452.481
-39.073, -45.9853, 453.514
-36.9449, -46.1555, 453.941
-35.3454, -46.2454, 454.066
-32.9081, -46.4241, 454.231
-31.1479, -46.5608, 454.422
-29.0617, -46.7208, 454.251
-29.0632, -46.9077, 452.323
-29.1431, -47.0799, 451.128
-29.1879, -47.0772, 450.995
-29.1882, -47.0829, 451.373
-29.1892, -47.0818, 451.304
-29.1893, -47.0821, 451.321
-29.1891, -47.0817, 451.296
-29.1891, -47.0817, 451.295
-29.1889, -47.0813, 451.268
-29.1888, -47.0812, 451.262
-29.189, -47.0814, 451.28
-29.189, -47.0815, 451.284
-29.189, -47.0815, 451.286
-29.189, -47.0814, 451.28
-29.189, -47.0814, 451.277
-29.1888, -47.0812, 451.26
-29.1889, -47.0813, 451.268
-29.1889, -47.0813, 451.267
-29.1888, -47.0812, 451.264
-29.1889, -47.0813, 451.267
-29.1888, -47.0812, 451.261
-29.1888, -47.0811, 451.256
-29.1889, -47.0812, 451.265
-29.1888, -47.0811, 451.257
-29.1889, -47.0813, 451.267
-29.189, -47.0814, 451.28
-29.1888, -47.0811, 451.259
-29.1888, -47.0811, 451.255
-29.1888, -47.0812, 451.26
-29.1887, -47.081, 451.253
-29.1887, -47.081, 451.253
-29.1887, -47.081, 451.25
-29.1887, -47.081, 451.248
-29.1887, -47.081, 451.247
-29.1886, -47.0809, 451.241
-29.1886, -47.0809, 451.241
-29.1887, -47.0809, 451.245
-29.1887, -47.0809, 451.245
-29.1886, -47.0808, 451.237
-29.1886, -47.0808, 451.236
-29.5776, -47.9921, 451.251
-29.956, -47.9851, 451.38
-30.3272, -48.0016, 451.497
-31.2114, -48.0046, 451.723
-32.431, -47.9204, 451.972
-34.0638, -47.8403, 451.897
-35.2471, -47.7533, 451.869
-37.3842, -47.6832, 451.85
-38.808, -47.6362, 451.606
-41.1397, -47.524, 451.513
-42.7357, -47.4815, 451.485
-45.1427, -47.4197, 451.412
-46.8448, -47.378, 451.401
-49.3715, -47.2922, 451.413
-51.0671, -47.2263, 451.422
-53.5535, -47.1398, 451.21
-54.8956, -47.0854, 450.708
-56.1338, -47.0183, 450.058
-56.7313, -47.0135, 449.614
-57.3313, -47.0137, 449.261
-57.5476, -47.0056, 448.534
-57.3474, -46.9732, 448.355
-57.2755, -46.9489, 448.468
-57.453, -46.9531, 448.429
-57.6503, -46.9495, 447.796
-57.6469, -46.9429, 447.371
-57.6435, -46.9419, 447.317
-57.643, -46.941, 447.256
-57.6431, -46.9411, 447.263
-57.6414, -46.9407, 447.247
-57.6415, -46.9409, 447.257
-57.6414, -46.9409, 447.255
-57.6414, -46.9408, 447.249
-57.6425, -46.9168, 447.247
-57.6411, -46.9403, 447.217
-57.6411, -46.9401, 447.209
-57.6409, -46.9398, 447.19
-57.6422, -46.916, 447.201
-57.6422, -46.916, 447.199
-57.641, -46.9399, 447.196
-57.6407, -46.9395, 447.167
-57.6416, -46.9149, 447.128
-57.6403, -46.9386, 447.112
-57.6415, -46.9147, 447.115
-57.6401, -46.9383, 447.091
-57.6402, -46.9384, 447.099
-57.6402, -46.9383, 447.094
-57.6401, -46.9383, 447.09
-57.6412, -46.9139, 447.066
-57.6399, -46.9378, 447.06
-57.6399, -46.9377, 447.054
-57.6399, -46.9379, 447.066
-57.6399, -46.9378, 447.057
-57.6399, -46.9378, 447.058
-57.6398, -46.9376, 447.049
-57.6397, -46.9374, 447.033
-57.6397, -46.9375, 447.038
-57.6366, -46.9374, 447.043
-57.3476, -46.9007, 447.155
-56.7688, -46.9027, 447.528
-55.3194, -46.8427, 448.47
-54.1787, -46.8383, 449.446
-52.1251, -46.863, 450.05
-50.6359, -46.8522, 450.431
-48.0972, -46.8492, 450.456
-46.2527, -46.8665, 450.543
-43.3656, -46.8997, 450.686
-41.3237, -46.9285, 450.826
-38.1055, -46.9818, 450.956
-34.7007, -47.0105, 450.844
-32.632, -47.0597, 450.683
-29.7117, -47.156, 452.299
-29.7816, -47.611, 452.428
-30.083, -47.8744, 449.84
-30.1015, -48.0367, 449.454
-30.0031, -48.0813, 449.302
-29.9981, -48.0721, 448.701
-29.9967, -48.0753, 448.912
-29.9663, -48.0724, 448.76
-29.966, -48.0496, 448.839
-29.965, -48.0726, 448.774
-29.9657, -48.0489, 448.795
-29.9656, -48.0486, 448.779
-29.9654, -48.0484, 448.763
-29.9654, -48.0483, 448.759
-29.9654, -48.0484, 448.761
-29.9653, -48.0481, 448.746
-29.9654, -48.0484, 448.762
-29.9653, -48.0481, 448.745
-29.9653, -48.0481, 448.746
-29.9654, -48.0484, 448.763
-29.9654, -48.0483, 448.755
-29.9654, -48.0483, 448.758
-29.9646, -48.0968, 448.79
-29.9644, -48.0964, 448.767
-29.9646, -48.0967, 448.781
-29.9645, -48.0966, 448.778
-29.9643, -48.0963, 448.755
-29.9646, -48.0966, 448.78
-29.9645, -48.0965, 448.772
-29.9646, -48.0967, 448.786
-29.9643, -48.0962, 448.753
-29.9642, -48.0961, 448.742
-29.9643, -48.0963, 448.755
-29.9644, -48.0964, 448.763
-29.9644, -48.0964, 448.763
-29.9645, -48.0966, 448.776
-29.9644, -48.0963, 448.76
-29.9643, -48.0962, 448.751
-29.9644, -48.0964, 448.766
-29.9643, -48.0962, 448.752
-29.9644, -48.0964, 448.764
-29.9645, -48.0966, 448.777
-29.9644, -48.0964, 448.764
-29.9644, -48.0964, 448.762
-29.9645, -48.0966, 448.775
-29.9643, -48.0962, 448.749
-29.9644, -48.0963, 448.756
-29.9643, -48.0962, 448.749
-29.9643, -48.0961, 448.748
-29.9643, -48.0962, 448.752
-29.0599, -47.8916, 448.756
-29.0611, -47.894, 448.908
-29.0795, -47.8979, 450.743
-29.1742, -47.7549, 454.233
-29.3743, -47.5262, 458.094
-29.7417, -47.2113, 462.734
-30.1366, -46.6801, 467.881
-30.783, -46.2393, 470.252
-31.8679, -45.5638, 471.937
-32.9081, -44.9714, 473.58
-34.7204, -44.0717, 474.446
-35.8906, -43.5427, 475.181
-38.1094, -42.4949, 475.827
-39.7137, -41.7442, 476.108
-42.1677, -40.5654, 476.399
-43.8893, -39.7121, 477.045
-46.5585, -38.5059, 479.291
-48.8596, -37.5316, 483.838
-50.8575, -36.3445, 487.59
-52.1311, -35.6767, 490.79
-54.1535, -34.4523, 493.226
-55.5254, -33.6307, 495.703
-57.3189, -32.0829, 499.115
-58.4979, -31.333, 503.27
-59.9848, -30.0129, 507.629
-60.8662, -29.2637, 512.752
-61.9156, -28.0944, 518.119
-62.7946, -27.4059, 522.881
-63.3483, -26.2658, 528.629
-63.5405, -25.4667, 532.944
-63.9095, -24.0853, 535.063
-64.1005, -22.7604, 536.984
-64.2015, -21.8113, 537.549
-64.2384, -20.3861, 537.773
-64.2802, -19.3143, 537.822
-64.3664, -17.6871, 537.852
-64.3884, -16.5634, 538.308
-64.4284, -15.3102, 538.939
-64.4341, -15.1307, 539.119
-64.4357, -15.1298, 539.219
-64.4378, -15.1287, 539.356
-64.5188, -14.334, 539.288
-64.5566, -13.2062, 539.365
-64.5661, -12.1499, 539.314
-64.5432, -11.37, 538.612
-64.5568, -11.2843, 537.728
-64.5319, -11.2313, 537.528
-64.5365, -11.2304, 537.832
-64.5892, -11.2297, 538.139
-64.6892, -11.2305, 538.404
-64.6867, -11.2288, 538.232
-64.6818, -11.2313, 537.913
-64.6801, -11.2322, 537.807
-64.6759, -11.2525, 537.581
-64.6725, -11.2542, 537.366
-64.6693, -11.2558, 537.159
-64.6644, -11.3449, 537.135
-64.6249, -12.0089, 536.826
-64.6064, -12.3458, 536.842
-64.5906, -12.6652, 536.94
-64.5795, -12.8735, 536.939
-64.5765, -12.9123, 536.88
-64.5763, -12.9301, 536.933
-64.5766, -12.93, 536.954
-64.5766, -12.93, 536.953
-64.5766, -12.93, 536.953
-64.5765, -12.93, 536.948
-64.5765, -12.93, 536.947
-64.5765, -12.93, 536.947
-64.5765, -12.93, 536.947
-64.5765, -12.93, 536.946
-64.5765, -12.93, 536.946
-64.5765, -12.93, 536.946
-64.5765, -12.93, 536.946
-64.5765, -12.93, 536.947
-64.5765, -12.93, 536.945
-64.5765, -12.93, 536.945
-64.5765, -12.93, 536.945
-64.5765, -12.93, 536.946
-64.5765, -12.93, 536.945
-64.5765, -12.93, 536.945
-64.5765, -12.93, 536.945
-64.5765, -12.93, 536.945
-64.5765, -12.93, 536.945
-64.5765, -12.93, 536.946
-64.5765, -12.93, 536.945
-64.5765, -12.93, 536.946
-64.5765, -12.93, 536.945
-64.5765, -12.93, 536.945
-64.5765, -12.93, 536.945
-64.5765, -12.93, 536.945
-64.5765, -12.93, 536.945
-64.5765, -12.93, 536.945
-64.5765, -12.93, 536.945
-64.5765, -12.93, 536.946
-64.5765, -12.93, 536.946
-64.5765, -12.93, 536.944
-64.5765, -12.93, 536.945
-64.5765, -12.93, 536.945
-64.5765, -12.93, 536.945
-64.5765, -12.93, 536.946
-64.5765, -12.93, 536.945
-64.5765, -12.93, 536.945
-64.5765, -12.93, 536.945
-64.5765, -12.93, 536.945
-64.5765, -12.93, 536.945
-64.5765, -12.93, 536.945
-64.5765, -12.93, 536.945
-64.5765, -12.93, 536.945
-64.5764, -12.9301, 536.943
-64.5765, -12.93, 536.944
-64.5765, -12.9301, 536.944
-64.5764, -12.9301, 536.944
-64.5764, -12.9301, 536.944
-64.5765, -12.93, 536.945
-64.5764, -12.9301, 536.943
-64.5764, -12.9301, 536.943
-64.5764, -12.9301, 536.944
-64.5764, -12.9301, 536.944
-64.5764, -12.93, 536.945
-64.5764, -12.9301, 536.944
-64.5764, -12.9301, 536.943
-64.5764, -12.93, 536.944
-64.5764, -12.93, 536.944
-64.5764, -12.9301, 536.944
-64.5765, -12.93, 536.945
-64.5764, -12.93, 536.945
-64.5764, -12.9301, 536.944
-64.5764, -12.93, 536.944
-64.5764, -12.93, 536.944
-64.5764, -12.9301, 536.944
-64.5764, -12.93, 536.945
-64.5764, -12.9301, 536.944
-64.5764, -12.9301, 536.944
-64.5764, -12.9301, 536.944
-64.5764, -12.9301, 536.944
-64.5764, -12.93, 536.944
-64.5764, -12.9301, 536.944
-64.5764, -12.9301, 536.944
-64.5764, -12.9301, 536.944
-64.5764, -12.9301, 536.944
-64.5764, -12.9301, 536.944
-64.5764, -12.9301, 536.943
-64.5764, -12.9301, 536.943
-64.5764, -12.9301, 536.944
-64.5764, -12.9301, 536.944
-64.5764, -12.9301, 536.944
-64.5764, -12.93, 536.944
-64.5764, -12.9301, 536.944
-64.5764, -12.9301, 536.944
-64.5764, -12.9301, 536.944
-64.5764, -12.93, 536.944
-64.5764, -12.9301, 536.944
-64.5764, -12.9301, 536.944
-64.5764, -12.93, 536.944
-64.5764, -12.9301, 536.944
-64.5764, -12.9301, 536.944
-64.5764, -12.93, 536.944
-64.5764, -12.9301, 536.943
-64.5764, -12.9301, 536.944
-64.5764, -12.9301, 536.944
-64.5764, -12.93, 536.944
-64.5764, -12.9301, 536.944
-64.5764, -12.93, 536.944
-64.5764, -12.9301, 536.944
-64.5764, -12.9301, 536.944
-64.5764, -12.93, 536.944
-64.5764, -12.93, 536.944
-64.5764, -12.93, 536.944
-64.5764, -12.93, 536.944
-64.5764, -12.93, 536.944
-64.5764, -12.93, 536.944
-64.5764, -12.9301, 536.943
-64.5764, -12.93, 536.944
-64.5764, -12.93, 536.944
-64.5764, -12.93, 536.944
-64.5764, -12.93, 536.944
-64.5764, -12.93, 536.943
-64.5764, -12.93, 536.943
-64.5764, -12.93, 536.944
-64.5764, -12.93, 536.944
-64.5764, -12.93, 536.944
-64.5764, -12.93, 536.944
-64.5764, -12.9301, 536.943
-64.5764, -12.9301, 536.943
-64.5764, -12.93, 536.944
-64.5764, -12.9301, 536.943
-64.5764, -12.93, 536.944
-64.5764, -12.93, 536.944
-64.5764, -12.9301, 536.943
-64.5764, -12.93, 536.944
-64.5764, -12.93, 536.943
-64.5764, -12.93, 536.944
-64.5764, -12.93, 536.944
-64.5764, -12.9301, 536.943
-64.5764, -12.93, 536.944
-64.5764, -12.93, 536.944
-64.5764, -12.93, 536.945
-64.5764, -12.93, 536.943
-64.5764, -12.9301, 536.943
-64.5764, -12.9301, 536.943
-64.5764, -12.9301, 536.943
-64.5764, -12.93, 536.944
-64.5763, -12.9301, 536.939
-64.5763, -12.9301, 536.94
-64.5763, -12.9301, 536.938
-64.5751, -12.9307, 536.858
-64.5761, -12.9302, 536.926
-64.579, -12.9109, 537.049
-64.571, -12.5957, 537.031
-64.5825, -12.4274, 537.211
-64.5917, -12.4227, 537.808
-64.6007, -12.4151, 538.384
-64.6126, -12.4071, 539.156
-64.6107, -12.4082, 539.029
-64.6176, -11.9928, 538.989
-64.6376, -10.9298, 539.191
-64.6502, -10.4317, 539.694
-64.6535, -10.2094, 539.849
-64.6508, -10.2109, 539.668
-64.6524, -10.21, 539.772
-64.6556, -10.2083, 539.983
-64.6579, -10.2069, 540.138
-64.6588, -10.2064, 540.198
-64.6586, -10.2065, 540.182
-64.6597, -10.2059, 540.254
-64.6592, -10.2062, 540.222
-64.659, -10.2063, 540.211
-64.6559, -10.0714, 540.023
-64.7208, -9.41222, 539.457
-64.7201, -9.06088, 539.098
-64.7259, -8.62922, 539.004
-64.7282, -8.41524, 538.902
-64.7354, -8.20642, 539.128
-64.7364, -8.11757, 539.109
-64.7354, -8.05879, 538.978
-64.7361, -8.0584, 539.026
-64.7358, -8.05859, 539.003
-64.7354, -8.05881, 538.976
-64.7356, -8.05868, 538.992
-64.7355, -8.05875, 538.983
-64.7357, -8.0586, 539.002
-64.7356, -8.05868, 538.992
-64.7356, -8.05868, 538.992
-64.7355, -8.05871, 538.988
-64.7355, -8.05871, 538.989
-64.7355, -8.05871, 538.989
-64.7355, -8.05871, 538.989
-64.7355, -8.05871, 538.989
-64.7355, -8.05871, 538.988
-64.7355, -8.05871, 538.988
-64.7355, -8.05871, 538.989
-64.7355, -8.05871, 538.988
-64.7355, -8.05871, 538.988
-64.7355, -8.05871, 538.988
-64.7355, -8.05871, 538.988
-64.7355, -8.05871, 538.988
-64.7355, -8.05871, 538.988
-64.7355, -8.05871, 538.988
-64.7355, -8.05871, 538.988
-64.7355, -8.05871, 538.988
-64.7355, -8.05871, 538.988
-64.7355, -8.05871, 538.988
-64.7355, -8.05871, 538.988
-64.7355, -8.05871, 538.988
-64.7355, -8.05871, 538.988
-64.7355, -8.05872, 538.988
-64.7355, -8.05873, 538.987
-64.7355, -8.05873, 538.987
-64.7355, -8.05876, 538.983
-64.7355, -8.05876, 538.983
-64.7355, -8.05876, 538.983
-64.7355, -8.05876, 538.983
-64.7355, -8.05876, 538.982
-64.7355, -8.05876, 538.982
-64.7355, -8.05876, 538.982
-64.7355, -8.05876, 538.982
-64.7355, -8.05876, 538.982
-64.7355, -8.05876, 538.982
-64.7355, -8.05876, 538.982
-64.7355, -8.05876, 538.982
-64.7355, -8.05876, 538.982
-64.7355, -8.05876, 538.982
-64.7355, -8.05876, 538.982
-64.7355, -8.05876, 538.982
-64.7355, -8.05876, 538.983
-64.7355, -8.05876, 538.982
-64.7355, -8.05877, 538.982
-64.7355, -8.05877, 538.982
-64.7355, -8.05876, 538.982
-64.7355, -8.05877, 538.982
-64.7355, -8.05877, 538.982
-64.7355, -8.05877, 538.982
-64.7355, -8.05877, 538.982
-64.7355, -8.05876, 538.982
-64.7355, -8.05878, 538.981
-64.7354, -8.05879, 538.979
-64.7354, -8.05879, 538.979
-64.7354, -8.0588, 538.978
-64.7354, -8.05879, 538.979
-64.7354, -8.05879, 538.979
-64.7354, -8.05879, 538.979
-64.7354, -8.05879, 538.979
-64.7354, -8.0588, 538.978
-64.7354, -8.05879, 538.978
-64.7354, -8.05879, 538.978
-64.7354, -8.05879, 538.979
-64.7354, -8.05879, 538.979
-64.7354, -8.0588, 538.978
-64.7354, -8.0588, 538.978
-64.7354, -8.0588, 538.978
-64.7354, -8.0588, 538.978
-64.7354, -8.0588, 538.978
-64.7354, -8.0588, 538.978
-64.7354, -8.0588, 538.978
-64.7354, -8.0588, 538.978
-64.7354, -8.05879, 538.978
-64.7354, -8.05879, 538.978
-64.7354, -8.05879, 538.978
-64.7354, -8.05879, 538.979
-64.7354, -8.0588, 538.978
-64.7354, -8.0588, 538.978
-64.7354, -8.0588, 538.978
-64.7354, -8.0588, 538.978
-64.7354, -8.0588, 538.978
-64.7354, -8.0588, 538.978
-64.7354, -8.05879, 538.978
-64.7354, -8.05879, 538.978
-64.7354, -8.05879, 538.978
-64.7354, -8.05879, 538.978
-64.7354, -8.0588, 538.978
-64.7354, -8.05879, 538.978
-64.7354, -8.05879, 538.978
-64.7354, -8.05879, 538.978
-64.7354, -8.05879, 538.978
-64.7354, -8.05879, 538.978
-64.7354, -8.05879, 538.978
-64.736, -8.05845, 539.02
-64.7366, -8.05816, 539.055
-64.7372, -8.05783, 539.094
-64.7426, -7.99386, 539.399
-64.7529, -7.85195, 540.038
-64.7592, -7.43889, 540.618
-64.7569, -7.16537, 540.685
-64.7889, -6.54594, 539.886
-64.7976, -6.44764, 540.439
-64.8151, -6.43739, 541.601
-64.8207, -6.42777, 541.991
-64.7844, -6.4934, 541.071
-64.8438, -6.73625, 540.108
-64.8393, -6.97028, 539.825
-64.8371, -7.146, 539.726
-64.836, -7.21534, 539.679
-64.8365, -7.22745, 539.712
-64.8365, -7.22745, 539.712
-64.8371, -7.22711, 539.752
-64.837, -7.22561, 539.744
-64.8371, -7.22555, 539.75
-64.8371, -7.22555, 539.75
-64.837, -7.22558, 539.747
-64.837, -7.22559, 539.746
-64.837, -7.22559, 539.746
-64.837, -7.2256, 539.745
-64.837, -7.2256, 539.745
-64.837, -7.2256, 539.745
-64.837, -7.2256, 539.745
-64.837, -7.2256, 539.745
-64.837, -7.22559, 539.746
-64.837, -7.22559, 539.746
-64.837, -7.2256, 539.745
-64.837, -7.2256, 539.745
-64.837, -7.22559, 539.746
-64.837, -7.22559, 539.746
-64.837, -7.22559, 539.746
-64.837, -7.22559, 539.746
-64.837, -7.22559, 539.746
-64.837, -7.22559, 539.746
-64.837, -7.22559, 539.746
-64.837, -7.22559, 539.746
-64.837, -7.22559, 539.746
-64.837, -7.22559, 539.746
-64.837, -7.22559, 539.746
-64.837, -7.22559, 539.746
-64.837, -7.22559, 539.746
-64.837, -7.22559, 539.746
-64.837, -7.22559, 539.746
-64.837, -7.2256, 539.745
-64.837, -7.2256, 539.745
-64.837, -7.2256, 539.745
-64.837, -7.2256, 539.745
-64.837, -7.2256, 539.745
-64.837, -7.2256, 539.745
-64.837, -7.2256, 539.745
-64.837, -7.2256, 539.745
-64.837, -7.2256, 539.745
-64.837, -7.2256, 539.745
-64.837, -7.2256, 539.745
-64.837, -7.2256, 539.745
-64.837, -7.2256, 539.745
-64.837, -7.2256, 539.745
-64.837, -7.2256, 539.745
-64.837, -7.2256, 539.745
-64.837, -7.22559, 539.746
-64.837, -7.22559, 539.746
-64.837, -7.22559, 539.746
-64.837, -7.2256, 539.745
-64.837, -7.2256, 539.745
-64.837, -7.2256, 539.745
-64.837, -7.22559, 539.746
-64.837, -7.2256, 539.745
-64.837, -7.2256, 539.745
-64.837, -7.2256, 539.745
-64.837, -7.2256, 539.745
-64.837, -7.2256, 539.745
-64.837, -7.2256, 539.745
-64.837, -7.2256, 539.745
-64.837, -7.2256, 539.745
-64.837, -7.2256, 539.745
-64.837, -7.2256, 539.745
-64.837, -7.2256, 539.745
-64.837, -7.22562, 539.743
-64.837, -7.22562, 539.742
-64.837, -7.22563, 539.742
-64.837, -7.22563, 539.742
-64.837, -7.22563, 539.741
-64.8375, -7.22533, 539.777
-64.8373, -7.22545, 539.762
-64.8374, -7.2254, 539.769
-64.8376, -7.22524, 539.787
-64.8374, -7.22535, 539.774
-64.8373, -7.22543, 539.765
-64.8373, -7.22542, 539.766
-64.8372, -7.22546, 539.762
-64.8373, -7.22541, 539.768
-64.8372, -7.22549, 539.758
-64.8371, -7.22555, 539.751
-64.8371, -7.22553, 539.754
-64.8377, -7.22519, 539.793
-64.838, -7.22507, 539.808
-64.8387, -7.22465, 539.857
-64.8384, -7.22483, 539.836
-64.8386, -7.2247, 539.851
-64.8387, -7.22464, 539.858
-64.8386, -7.22471, 539.85
-64.8632, -7.25354, 539.894
-64.8394, -7.32384, 539.914
-64.7879, -7.35796, 539.688
-64.7583, -7.36691, 539.329
-64.7586, -7.36364, 539.344
-64.7702, -7.3572, 540.103
-64.7882, -7.34674, 541.301
-64.8106, -7.33306, 542.806
-64.8373, -7.31564, 544.635
-64.8674, -7.29451, 546.746
-64.8956, -7.27311, 548.779
-64.9258, -7.24845, 551.014
-64.958, -7.21982, 553.486
-64.9917, -7.18696, 556.19
-65.0304, -7.14521, 559.455
-65.0609, -7.10852, 562.195
-65.0901, -7.06974, 564.982
-65.1185, -7.02797, 567.88
-65.146, -6.9825, 570.931
-65.1724, -6.933, 574.15
-65.1931, -6.88887, 576.946
-65.2175, -6.82774, 580.724
-65.2394, -6.7596, 584.832
-65.258, -6.68228, 589.396
-65.2729, -6.57858, 595.411
-65.277, -6.48514, 600.78
-65.2717, -6.38488, 606.544
-65.2549, -6.27896, 612.701
-65.226, -6.17305, 619.003
-65.1871, -6.07407, 625.108
-65.1394, -5.98228, 631.046
-65.0828, -5.89645, 636.947
-65.0211, -5.82065, 642.558
-64.9604, -5.75873, 647.536
-64.8936, -5.70152, 652.587
-64.8473, -5.66742, 655.887
-64.8085, -5.64185, 658.553
-64.7716, -5.61983, 661.019
-64.7314, -5.59822, 663.636
-64.6868, -5.5769, 666.472
-64.6358, -5.55573, 669.64
-64.5752, -5.53469, 673.325
-64.509, -5.51658, 677.26
-64.4429, -5.50322, 681.135
-64.3689, -5.49369, 685.417
-64.3174, -5.49035, 688.38
-64.2765, -5.48959, 690.728
-64.2439, -5.49019, 692.598
-64.2214, -5.49123, 693.891
-64.2118, -5.49182, 694.441
-64.2109, -5.49188, 694.495
-64.2164, -5.49152, 694.176
-64.2316, -5.49069, 693.305
-64.2559, -5.48985, 691.91
-64.2923, -5.48969, 689.823
-64.3259, -5.49072, 687.89
-64.3568, -5.49266, 686.114
-64.378, -5.49455, 684.895
-64.396, -5.49652, 683.855
-64.4153, -5.499, 682.74
-64.435, -5.50192, 681.596
-64.4581, -5.50587, 680.25
-64.4874, -5.51169, 678.533
-64.5234, -5.52008, 676.414
-64.5746, -5.53449, 673.363
-64.6246, -5.55148, 670.332
-64.6798, -5.57378, 666.914
-64.7377, -5.60141, 663.235
-64.7968, -5.63464, 659.341
-64.8555, -5.67317, 655.311
-64.9102, -5.71476, 651.363
-64.9607, -5.75891, 647.514
-65.0071, -5.80528, 643.748
-65.0489, -5.85284, 640.114
-65.0914, -5.90826, 636.105
-65.121, -5.95223, 633.062
-65.1477, -5.99679, 630.08
-65.1702, -6.03876, 627.349
-65.1823, -6.05735, 626.175
-65.1752, -6.05491, 626.304
-65.1737, -6.05164, 626.513
-65.172, -6.04549, 626.91
-65.1687, -6.03886, 627.336
-65.1703, -6.04196, 627.137
-65.1762, -6.05409, 626.361
-65.1818, -6.06588, 625.612
-65.187, -6.07711, 624.904
-65.19, -6.08393, 624.475
-65.1901, -6.08415, 624.461
-65.1888, -6.08117, 624.648
-65.1875, -6.07828, 624.83
-65.1858, -6.07456, 625.064
-65.1845, -6.07171, 625.244
-65.1856, -6.07418, 625.088
-65.186, -6.07502, 625.035
-65.1872, -6.07759, 624.874
-65.1891, -6.08194, 624.6
-65.1884, -6.08036, 624.699
-65.1837, -6.06984, 625.362
-65.1767, -6.05515, 626.294
-65.1704, -6.04214, 627.125
-65.1648, -6.03112, 627.834
-65.1628, -6.02729, 628.082
-65.1697, -6.04071, 627.217
-65.1826, -6.06749, 625.511
-65.1885, -6.08034, 624.7
-65.191, -6.08614, 624.336
-65.1939, -6.09274, 623.923
-65.1991, -6.10509, 623.154
-65.2057, -6.12125, 622.153
-65.2116, -6.13673, 621.202
-65.2177, -6.15346, 620.18
-65.2245, -6.17307, 618.99
-65.2285, -6.18545, 618.242
-65.2291, -6.18736, 618.128
-65.2295, -6.18857, 618.055
-65.2317, -6.19568, 617.628
-65.2342, -6.20405, 617.126
-65.2355, -6.20853, 616.858
-65.235, -6.20668, 616.969
-65.2326, -6.19859, 617.453
-65.2283, -6.18491, 618.275
-65.2246, -6.17351, 618.963
-65.2211, -6.16317, 619.589
-65.2178, -6.15353, 620.175
-65.2147, -6.14503, 620.694
-65.2108, -6.13456, 621.335
-65.206, -6.12224, 622.092
-65.1997, -6.10658, 623.061
-65.1933, -6.09131, 624.013
-65.1863, -6.07551, 625.005
-65.1808, -6.0637, 625.751
-65.1785, -6.05873, 626.066
-65.1789, -6.05334, 626.422
-65.1661, -6.04536, 626.899
-65.1679, -6.04295, 627.064
-65.2126, -6.04576, 627.031
-65.3222, -6.05018, 627.111
-65.4459, -6.05247, 627.357
-65.4625, -6.04958, 627.596
-65.5431, -6.04876, 627.861
-65.629, -6.11622, 628.35
-65.8009, -6.13405, 629.013
-65.9808, -6.1226, 629.877
-66.0817, -6.18474, 630.502
-66.2911, -6.22212, 631.014
-66.4071, -6.26288, 631.331
-66.5388, -6.2594, 631.354
-66.5644, -6.26044, 631.247
-66.5666, -6.26141, 631.181
-66.5661, -6.26069, 631.228
-66.5663, -6.26089, 631.215
-66.5661, -6.26059, 631.235
-66.5661, -6.26063, 631.232
-66.5661, -6.26068, 631.229
-66.5662, -6.26076, 631.224
-66.5662, -6.2608, 631.221
-66.5662, -6.26076, 631.224
-66.5691, -6.2607, 631.223
-66.5662, -6.26082, 631.22
-66.5691, -6.26067, 631.225
-66.5661, -6.26075, 631.224
-66.5665, -6.28452, 631.239
-66.5667, -6.28477, 631.223
-66.5668, -6.28495, 631.211
-66.5669, -6.28513, 631.199
-66.5667, -6.28487, 631.216
-66.5697, -6.28484, 631.214
-66.5668, -6.28497, 631.209
-66.5667, -6.28489, 631.214
-66.5668, -6.28494, 631.211
-66.5682, -6.28491, 631.211
-66.5682, -6.28488, 631.213
-66.5682, -6.28493, 631.21
-66.5682, -6.28489, 631.213
-66.5682, -6.28489, 631.212
-66.5682, -6.2849, 631.212
-66.5682, -6.28491, 631.212
-66.5682, -6.2849, 631.212
-66.5682, -6.2849, 631.212
-66.5682, -6.28491, 631.211
-66.5682, -6.2849, 631.212
-66.5682, -6.28491, 631.211
-66.5682, -6.28488, 631.213
-66.5682, -6.28489, 631.213
-66.5682, -6.28489, 631.212
-66.5682, -6.2849, 631.212
-66.5682, -6.28489, 631.213
-66.5682, -6.28491, 631.211
-66.5682, -6.2849, 631.212
-66.5682, -6.2849, 631.212
-66.5682, -6.2849, 631.212
-66.5682, -6.2849, 631.212
-66.5682, -6.2849, 631.212
-66.5682, -6.28489, 631.212
-66.5682, -6.2849, 631.212
-66.5682, -6.28491, 631.211
-66.5682, -6.2849, 631.212
-66.5682, -6.28491, 631.211
-66.5682, -6.28489, 631.212
-66.5682, -6.28491, 631.211
-66.5682, -6.2849, 631.211
-66.5682, -6.28489, 631.212
-66.5682, -6.28489, 631.212
-66.5682, -6.28491, 631.211
-66.5682, -6.28488, 631.213
-66.5682, -6.28491, 631.211
-66.5682, -6.28488, 631.213
-66.5682, -6.2849, 631.212
-66.5682, -6.28489, 631.213
-66.5682, -6.28492, 631.211
-66.5682, -6.28492, 631.211
-66.5682, -6.28489, 631.212
-66.5682, -6.2849, 631.212
-66.5681, -6.2849, 631.212
-66.5682, -6.28491, 631.211
-66.5681, -6.28489, 631.212
-66.5681, -6.28488, 631.213
-66.5681, -6.28491, 631.211
-66.5681, -6.28489, 631.212
-66.5682, -6.28492, 631.21
-66.5681, -6.28491, 631.211
-66.5681, -6.2849, 631.212
-66.5681, -6.2849, 631.212
-66.5681, -6.28491, 631.211
-66.5681, -6.28489, 631.212
-66.5681, -6.2849, 631.212
-66.5681, -6.28489, 631.213
-66.5681, -6.2849, 631.212
-66.5681, -6.28489, 631.212
-66.5681, -6.2849, 631.212
-66.5681, -6.2849, 631.212
-66.5681, -6.2849, 631.212
-66.5681, -6.28488, 631.213
-66.5682, -6.2849, 631.212
-66.5681, -6.2849, 631.212
-66.5681, -6.28489, 631.213
-66.5682, -6.28491, 631.211
-66.5681, -6.28489, 631.212
-66.5681, -6.28488, 631.213
-66.5682, -6.2849, 631.212
-66.5682, -6.28489, 631.212
-66.5681, -6.28488, 631.213
-66.5682, -6.28489, 631.213
-66.5682, -6.2849, 631.212
-66.5682, -6.2849, 631.212
-66.5682, -6.2849, 631.211
-66.5682, -6.2849, 631.212
-66.5682, -6.28488, 631.213
-66.5682, -6.2849, 631.212
-66.5682, -6.28489, 631.212
-66.5682, -6.28488, 631.213
-66.5682, -6.2849, 631.212
-66.5682, -6.2849, 631.212
-66.5682, -6.28492, 631.211
-66.5682, -6.28489, 631.212
-66.5682, -6.28488, 631.213
-66.5682, -6.28488, 631.213
-66.5682, -6.28489, 631.212
-66.5682, -6.2849, 631.212
-66.5682, -6.2849, 631.212
-66.5682, -6.28489, 631.212
-66.5682, -6.28489, 631.212
-66.5682, -6.28488, 631.213
-66.5682, -6.28491, 631.212
-66.5682, -6.28488, 631.213
-66.5682, -6.2849, 631.212
-66.5682, -6.28489, 631.213
-66.5682, -6.28489, 631.213
-66.5682, -6.2849, 631.212
-66.5682, -6.28491, 631.211
-66.5682, -6.28489, 631.213
-66.5682, -6.28489, 631.213
-66.5682, -6.28488, 631.213
-66.5682, -6.28488, 631.214
-66.5682, -6.2849, 631.212
-66.5682, -6.28491, 631.211
-66.5682, -6.28491, 631.212
-66.5682, -6.28489, 631.213
-66.5682, -6.28489, 631.212
-66.5682, -6.28489, 631.213
-66.5682, -6.2849, 631.212
-66.5682, -6.28491, 631.211
-66.5682, -6.28491, 631.211
-66.5681, -6.28488, 631.213
-66.5682, -6.28489, 631.213
-66.5682, -6.28488, 631.213
-66.5682, -6.28489, 631.213
-66.5681, -6.2847, 631.226
-66.5681, -6.28483, 631.216
-66.5682, -6.28493, 631.21
-66.5682, -6.28505, 631.202
-66.5682, -6.28501, 631.205
-66.5682, -6.28503, 631.204
-66.5682, -6.28506, 631.201
-66.5682, -6.285, 631.205
-66.5683, -6.28506, 631.201
-66.5682, -6.28502, 631.204
-66.5682, -6.28505, 631.202
-66.5714, -6.285, 631.201
-66.5682, -6.28504, 631.202
-66.5682, -6.28504, 631.202
-66.5682, -6.28503, 631.203
-66.5682, -6.28506, 631.202
-66.5682, -6.28503, 631.203
-66.5682, -6.28504, 631.202
-66.5682, -6.28504, 631.203
-66.5682, -6.28503, 631.203
-66.5682, -6.28503, 631.203
-66.5682, -6.28504, 631.202
-66.5682, -6.28502, 631.204
-66.5682, -6.28504, 631.203
-66.5682, -6.28504, 631.203
-66.5682, -6.28505, 631.202
-66.5682, -6.28503, 631.203
-66.5682, -6.28505, 631.202
-66.5682, -6.28503, 631.203
-66.5682, -6.28502, 631.204
-66.5682, -6.28502, 631.204
-66.5682, -6.28502, 631.204
-66.5682, -6.28504, 631.203
-66.5682, -6.28505, 631.202
-66.5682, -6.28503, 631.203
-66.5682, -6.28504, 631.203
-66.5682, -6.28504, 631.202
-66.5682, -6.28504, 631.203
-66.5682, -6.28503, 631.203
-66.5682, -6.28503, 631.204
-66.5682, -6.28504, 631.203
