29.6999, 47.0871, 269.999
29.7048, 47.0956, 270.561
29.7218, 47.124, 272.459
29.7357, 47.0186, 275.072
29.7283, 46.6878, 278.669
29.7367, 46.2606, 282.83
29.9401, 45.9256, 287.15
30.4178, 45.5346, 290.564
30.9387, 45.1498, 292.245
32.0561, 44.6189, 293.277
32.9349, 44.1946, 294.146
34.3423, 43.4616, 295.097
35.9113, 42.6732, 295.71
37.0179, 42.1429, 296.237
38.6994, 41.3136, 296.809
39.8057, 40.7584, 297.522
41.5198, 39.8635, 298.33
42.6061, 39.2842, 299.319
44.2541, 38.3296, 300.886
45.2001, 37.7744, 302.481
46.6992, 36.8475, 303.887
48.187, 35.8163, 305.12
49.2003, 35.08, 306.142
50.5948, 34.0329, 307.218
51.5908, 33.2829, 308.424
52.9903, 32.1738, 309.867
53.8774, 31.4476, 311.851
55.1912, 30.302, 313.973
55.963, 29.639, 315.834
57.1197, 28.4478, 317.522
57.841, 27.6737, 319.053
58.9644, 26.4953, 320.767
59.9553, 25.4166, 323.259
60.5912, 24.8062, 326.07
61.2942, 23.9245, 329.569
61.6634, 23.3943, 334.304
62.0767, 22.4595, 338.453
62.1999, 21.893, 339.052
62.2069, 20.992, 338.316
62.2023, 20.4054, 337.985
62.0992, 19.893, 337.915
62.3186, 19.1891, 339.786
62.385, 18.8143, 340.207
62.6183, 17.7709, 341.607
62.6404, 16.9165, 343.618
62.9143, 15.6992, 346.275
63.0517, 15.3021, 349.544
63.0882, 15.2803, 351.685
63.0911, 15.2793, 351.858
63.1155, 15.1829, 350.845
63.2025, 14.4514, 352.632
63.3172, 13.5142, 355.267
63.2803, 12.3439, 357.198
63.3109, 11.4093, 358.588
63.4003, 9.81957, 359.698
63.5866, 9.59886, 360.968
63.6007, 9.49098, 362.089
63.6362, 9.48289, 362.864
63.6449, 9.463, 363.516
63.5157, 7.41515, 363.816
63.4966, 7.18012, 363.568
63.4689, 6.38486, 362.811
63.4417, 5.10134, 361.503
63.4039, 3.64986, 360.338
63.2752, 2.53605, 359.824
63.2282, 1.64522, 359.56
63.2297, 0.929185, 359.16
63.2375, 0.218704, 358.832
63.2523, -0.542454, 358.708
63.3047, -1.74951, 358.96
63.352, -2.98384, 359.161
63.4927, -4.01158, 359.513
63.4829, -5.36585, 360.013
63.4431, -5.43951, 360.593
63.437, -5.65823, 360.336
63.4298, -5.66337, 359.857
63.4302, -6.61183, 358.963
63.4266, -7.48521, 357.349
63.4548, -7.59252, 355.746
63.5762, -9.14683, 354.904
63.5202, -10.3538, 358.153
63.5867, -11.4605, 362.531
63.6517, -12.271, 366.955
63.3912, -13.6761, 368.868
63.1572, -14.3019, 372.034
62.8616, -15.0153, 375.318
62.4735, -15.1627, 379.044
61.9724, -15.4058, 384.239
61.4494, -15.693, 390.985
60.5407, -16.0984, 399.126
59.619, -16.5647, 410.301
59.0973, -16.9551, 419.954
58.1121, -17.4379, 429.669
57.6728, -17.703, 438.631
56.9337, -17.8664, 445.055
56.8252, -18.0383, 448.066
56.7804, -18.0628, 449.604
56.7733, -18.0971, 450.278
55.939, -26.874, 450.38
55.9862, -26.8748, 450.413
55.9404, -26.9045, 452.455
55.4307, -26.9168, 455.666
54.7907, -26.7742, 460.09
53.8155, -26.4387, 465.602
53.1047, -26.1179, 471.745
52.0209, -25.7064, 478.319
50.9901, -25.1996, 485.537
49.7783, -24.3338, 492.857
49.0445, -23.8413, 498.969
47.6466, -22.5212, 502.444
46.3525, -20.8154, 503.997
45.3234, -19.5231, 504.322
43.7553, -17.3757, 504.556
42.7113, -15.9497, 504.554
40.9987, -13.5439, 504.582
39.7725, -11.9023, 504.653
37.9568, -9.33868, 504.81
36.7828, -7.63172, 504.878
34.9402, -4.96849, 504.918
33.6724, -3.16334, 504.915
31.8164, -0.521955, 504.823
29.8307, 2.29291, 504.767
28.535, 4.1266, 504.878
26.5682, 6.92635, 504.977
25.309, 8.7241, 504.955
23.4119, 11.4272, 504.921
22.1854, 13.1795, 504.973
20.625, 15.3977, 504.416
19.8022, 16.5498, 504.067
18.7889, 17.9478, 503.795
18.3107, 18.6024, 503.71
18.0332, 18.9002, 503.644
18.0321, 18.9831, 503.627
18.006, 18.9589, 502.799
18.1778, 18.8531, 498.424
18.263, 18.7711, 490.456
18.4079, 18.5581, 479.045
18.5456, 18.5792, 464.859
18.6937, 18.8618, 448.224
18.8711, 18.7366, 430.142
19.1876, 18.5183, 410.413
19.2955, 18.5294, 402.269
19.382, 18.4598, 401.674
19.4114, 18.46, 403.092
19.4165, 18.4616, 403.266
19.4145, 18.4678, 402.891
19.415, 18.4662, 402.984
19.4153, 18.4654, 403.036
19.4163, 18.4667, 403.026
19.4164, 18.4663, 403.048
19.4164, 18.4663, 403.048
19.4177, 18.4624, 403.285
19.2231, 18.2552, 403.337
19.0063, 18.0256, 403.316
18.4465, 17.4315, 403.344
18.1305, 17.097, 403.331
17.6304, 16.5668, 403.353
17.3703, 16.2915, 403.335
16.9798, 15.8779, 403.315
16.7632, 15.6467, 403.393
16.6355, 15.5129, 403.332
16.3564, 15.2174, 403.311
16.1842, 15.0014, 403.211
15.5034, 14.2416, 403.203
14.9174, 13.6161, 403.329
14.0559, 12.6682, 403.327
13.2361, 11.799, 403.293
12.8326, 11.368, 403.452
12.4333, 10.9416, 403.773
12.4374, 10.8859, 404.907
12.496, 10.872, 405.124
12.5121, 10.8943, 404.83
12.6342, 11.0127, 405.023
12.6487, 11.0252, 405.112
12.7481, 11.1269, 404.998
12.8132, 11.1918, 405.006
12.8982, 11.2754, 405.065
12.9873, 11.3636, 405.094
13.0178, 11.3942, 405.089
13.0859, 11.4634, 405.026
13.0927, 11.4688, 405.09
13.0993, 11.4752, 405.1
13.0993, 11.4751, 405.109
13.0993, 11.4752, 405.1
13.0993, 11.4752, 405.103
13.0993, 11.4753, 405.096
13.0994, 11.475, 405.114
13.0993, 11.4752, 405.102
13.0993, 11.4752, 405.099
13.0994, 11.475, 405.114
13.1003, 11.476, 405.108
13.1003, 11.4761, 405.103
13.1003, 11.4762, 405.102
13.1005, 11.4756, 405.132
13.1004, 11.476, 405.111
13.1003, 11.4762, 405.098
13.1003, 11.4761, 405.104
13.1005, 11.4756, 405.137
13.1003, 11.4763, 405.094
13.109, 11.4852, 405.086
13.1111, 11.4873, 405.084
13.111, 11.4877, 405.06
13.1111, 11.4874, 405.079
13.1154, 11.4922, 405.059
13.1196, 11.4972, 405.018
13.1307, 11.5071, 405.075
13.1359, 11.5134, 405.023
13.1359, 11.5132, 405.035
13.1369, 11.5141, 405.035
13.1369, 11.5142, 405.029
13.1369, 11.5142, 405.031
13.1369, 11.5142, 405.03
13.1369, 11.5142, 405.033
13.1392, 11.5161, 405.051
13.1492, 11.5301, 404.864
13.1976, 11.5893, 404.393
13.3656, 11.8501, 403.564
13.6187, 12.1294, 403.096
13.7805, 12.2922, 403.531
13.9303, 12.5949, 404.656
13.9792, 12.8531, 405.91
13.9781, 13.1453, 407.696
13.9238, 13.3765, 409.704
13.903, 13.4854, 411.21
13.8892, 13.4967, 411.644
13.8909, 13.4837, 410.8
13.7252, 13.3443, 409.247
13.8007, 13.0023, 407.219
13.6351, 12.6822, 405.421
13.5422, 12.5355, 404.762
13.4016, 12.3894, 404.983
13.3835, 12.3694, 405.069
13.3991, 12.3521, 405.023
13.4017, 12.3528, 405.112
13.4345, 12.385, 405.13
13.4767, 12.4274, 405.115
13.4812, 12.4318, 405.118
13.5005, 12.4519, 405.078
13.5018, 12.4524, 405.116
13.5018, 12.4522, 405.127
13.5018, 12.4525, 405.111
13.5018, 12.4524, 405.118
13.5017, 12.4526, 405.104
13.5018, 12.4524, 405.115
13.5018, 12.4523, 405.121
13.5018, 12.4525, 405.11
13.5018, 12.4524, 405.119
13.5018, 12.4523, 405.12
13.5017, 12.4526, 405.104
13.5017, 12.4526, 405.103
13.5252, 12.5014, 403.946
13.617, 12.6808, 400.563
13.7149, 12.926, 395.701
14.2538, 13.8256, 392.395
14.4173, 14.3817, 390.399
15.0736, 15.7588, 389.209
15.4132, 16.4469, 388.554
16.0045, 17.5915, 388.434
16.2425, 18.0798, 388.47
16.5434, 18.6357, 388.452
16.6672, 18.8656, 388.407
16.6858, 18.9039, 388.292
16.6675, 18.9461, 385.94
16.6259, 19.0379, 379.474
16.6887, 19.1119, 369.607
16.7539, 19.1672, 357.764
16.8735, 19.2433, 345.794
16.9787, 19.319, 336.608
16.9778, 19.3295, 335.251
16.997, 19.3277, 336.356
16.9677, 19.3628, 335.522
16.9825, 19.3734, 335.116
16.9842, 19.3732, 335.214
16.9831, 19.3733, 335.151
16.9833, 19.3733, 335.161
16.9832, 19.3733, 335.158
16.9831, 19.3733, 335.153
16.9828, 19.3734, 335.132
16.9826, 19.3734, 335.125
16.983, 19.3733, 335.144
16.982, 19.3734, 335.087
16.9795, 19.3616, 334.605
17.4034, 18.9049, 334.083
17.6951, 18.2915, 333.5
18.3565, 17.0764, 333.374
18.9052, 16.0909, 333.654
20.0228, 14.1611, 333.449
21.0788, 12.155, 333.376
21.9613, 10.555, 333.246
23.1766, 8.14637, 333.2
24.112, 6.29368, 333.187
25.5809, 3.443, 333.093
26.5554, 1.57734, 333.117
28.2391, -1.58999, 333.267
29.2943, -3.58075, 333.34
30.8774, -6.83964, 333.295
32.5008, -10.065, 333.266
33.5856, -12.2186, 333.276
35.2757, -15.5753, 333.266
36.3943, -17.7959, 333.257
38.1458, -21.2737, 333.331
39.2519, -23.4775, 333.408
40.9873, -26.9459, 333.454
42.1023, -29.2326, 333.526
43.7958, -32.581, 333.55
44.8706, -34.743, 333.351
46.05, -37.1945, 333.19
46.6822, -38.4488, 332.955
46.9227, -39.0264, 332.874
47.4918, -40.0315, 332.935
47.7183, -40.4731, 333.025
47.9101, -40.8515, 332.961
47.9518, -40.9322, 332.991
47.9827, -41.0069, 332.548
48.079, -41.1612, 330.141
48.4545, -41.6111, 325.67
49.0893, -42.1625, 317.962
49.6779, -42.5327, 309.717
50.5748, -43.0926, 300.355
51.2585, -43.552, 290.974
52.027, -43.9132, 282.206
52.5152, -44.2149, 275.502
52.5991, -44.6788, 272.214
52.663, -44.8963, 270.639
52.6054, -44.977, 270.052
52.5663, -44.9782, 269.976
52.5136, -44.9738, 270.263
52.8167, -44.974, 270.378
53.2, -44.9767, 270.361
54.1081, -44.9824, 270.36
54.7046, -44.9865, 270.332
55.8653, -44.9936, 270.265
56.6722, -44.9973, 270.269
57.4571, -45.0393, 267.239
57.9077, -45.1024, 263.292
58.2978, -45.0779, 261.483
58.7316, -45.0837, 261.49
58.6447, -45.0779, 262.646
58.6525, -45.0974, 262.889
58.6518, -45.0955, 263.018
58.655, -45.1187, 263.06
58.6551, -45.1184, 263.08
58.6552, -45.118, 263.101
58.6553, -45.118, 263.105
58.6553, -45.1179, 263.112
58.6553, -45.1178, 263.118
58.6554, -45.1176, 263.126
58.6555, -45.1175, 263.136
58.6555, -45.1174, 263.137
58.6555, -45.1174, 263.139
58.6554, -45.1175, 263.135
58.6555, -45.1174, 263.139
58.6554, -45.1175, 263.135
58.6555, -45.1174, 263.137
58.6555, -45.1174, 263.138
58.6555, -45.1175, 263.136
58.6554, -45.1175, 263.132
