29.27, 47.484, 269.999
29.2735, 47.4901, 270.404
29.2863, 47.5119, 271.855
29.3553, 47.5289, 273.191
29.5826, 47.4941, 275.114
29.9212, 47.3914, 277.13
30.4309, 47.1489, 278.57
31.0579, 46.9647, 279.414
32.0644, 46.7077, 280.336
33.319, 46.4579, 281.205
34.1686, 46.199, 282.204
35.5991, 45.8671, 283.312
36.5433, 45.6482, 284.181
38.1812, 45.2349, 285.284
39.219, 44.9588, 286.53
40.8427, 44.4775, 287.961
41.8447, 44.1632, 289.646
43.3168, 43.6676, 291.604
44.9079, 43.0615, 294.045
45.9592, 42.6551, 295.909
47.5632, 41.9295, 297.504
48.6749, 41.4432, 299.345
50.2542, 40.5844, 301.887
51.3582, 40.1126, 304.866
52.8935, 39.1563, 307.803
53.9723, 38.5778, 310.519
55.4135, 37.4696, 313.128
56.2962, 36.6265, 315.829
57.6739, 35.3481, 318.899
59.0908, 34.0478, 321.338
60.0394, 33.2428, 324.989
61.1432, 32.1134, 330.556
61.819, 31.4127, 337.584
62.2266, 30.742, 338.668
62.2442, 30.8402, 337.423
62.2825, 30.7185, 339.911
62.2074, 30.1453, 342.134
62.4279, 29.1626, 342.896
62.646, 27.7989, 343.87
62.616, 26.8871, 344.51
62.7863, 25.3764, 345.195
62.7458, 24.4217, 345.927
62.9704, 22.8398, 346.503
63.0715, 21.7296, 347.589
63.2104, 20.1018, 348.933
63.3499, 18.7819, 349.886
63.4694, 17.0189, 351.208
63.4888, 15.7253, 353.309
63.6819, 14.3093, 358.336
63.7368, 13.9012, 359.855
63.7167, 13.7469, 360.176
63.7082, 13.4101, 359.577
63.7089, 12.6586, 359.022
63.7558, 11.2298, 358.463
63.7843, 10.0842, 357.957
63.7708, 8.5799, 358.246
63.7934, 8.10442, 358.966
63.7638, 7.61467, 360.019
63.7178, 7.49555, 360.163
63.7144, 6.453, 360.09
63.7113, 6.20464, 359.904
63.6926, 6.28915, 360.243
63.6696, 5.36289, 360.95
63.6347, 5.21065, 362.155
63.6315, 3.9025, 362.519
63.593, 3.15004, 361.815
63.516, 2.40322, 361.109
63.5024, 2.08153, 360.546
63.4702, 2.09572, 359.998
63.4641, 1.96933, 359.529
63.4666, 1.09248, 358.911
63.475, 0.375618, 358.428
63.5051, -0.413515, 358.923
63.5559, -1.49225, 360.083
63.556, -1.62558, 361.875
63.5381, -1.96192, 363.06
63.4758, -3.5802, 362.995
63.4832, -3.82408, 362.734
63.4754, -3.84474, 362.326
63.3998, -5.68385, 361.956
63.3626, -7.15214, 362.565
63.4014, -7.92906, 367.017
63.3225, -8.64675, 370.573
62.8265, -9.64318, 375.764
62.06, -10.2047, 382.791
61.3319, -11.1714, 391.872
60.6201, -11.733, 401.48
59.6314, -12.5597, 412.619
59.067, -13.056, 424.333
58.0739, -13.6094, 435.529
57.5956, -13.8769, 444.333
57.0896, -14.3715, 449.747
57.1232, -14.5706, 451.726
57.2582, -14.801, 452.364
57.4638, -14.8933, 451.62
57.4864, -14.8813, 450.804
57.4937, -14.8845, 451.009
57.4931, -14.8856, 451.079
57.4944, -14.8833, 450.927
57.4938, -14.8844, 451.001
57.4941, -14.8838, 450.958
57.0213, -26.9932, 450.985
56.9775, -26.9991, 451.434
56.7084, -26.9978, 453.672
55.9687, -26.9082, 457.318
54.9537, -26.5846, 463.352
54.2434, -26.2974, 469.277
52.8916, -25.8156, 475.767
52.011, -25.4691, 482.841
50.7409, -24.7333, 490.512
49.7584, -24.1339, 497.68
48.2757, -22.9143, 502.583
47.2953, -21.912, 505.167
45.7254, -20.2719, 505.917
44.6565, -19.0332, 505.657
42.9816, -16.8413, 505.316
41.1958, -14.5563, 505.369
40.0002, -12.9935, 505.563
38.2052, -10.4983, 505.794
37.0159, -8.83311, 506.067
35.2794, -6.16381, 506.18
34.0026, -4.30075, 506.241
32.142, -1.51596, 506.289
30.8895, 0.318573, 506.299
28.9829, 3.0916, 506.387
27.0437, 5.97487, 506.596
25.8534, 7.78005, 506.698
23.9107, 10.7405, 506.764
22.7294, 12.4986, 506.877
20.933, 15.1255, 507.056
20.1171, 16.4279, 507.019
19.0591, 18.0143, 506.834
18.6655, 18.6627, 506.698
18.2136, 19.3532, 506.499
18.0666, 19.5756, 506.47
17.9849, 19.7037, 506.298
18.0341, 19.7047, 503.615
18.1108, 19.6894, 497.233
18.3015, 19.7175, 487.238
18.4027, 19.6627, 474.278
18.4462, 19.5939, 458.606
18.5275, 19.3558, 441.254
18.6488, 19.2196, 423.947
18.8224, 19.0326, 410.203
18.9016, 18.9769, 403.888
18.9418, 18.934, 404.589
18.9385, 18.9468, 405.421
18.9541, 18.9344, 405.142
18.9533, 18.9373, 404.97
18.9032, 18.9132, 405.359
18.6893, 18.702, 405.367
18.1916, 18.2104, 405.374
17.8581, 17.8475, 405.363
17.3416, 17.2698, 405.392
17.0211, 16.9188, 405.466
16.5662, 16.4715, 405.451
16.266, 16.142, 405.476
16.1685, 16.0473, 405.408
16.009, 15.8902, 405.404
15.727, 15.5455, 405.349
15.0044, 14.8319, 405.341
14.4545, 14.2217, 405.277
13.5521, 13.2603, 405.272
12.7268, 12.4087, 405.26
12.2015, 11.8477, 405.733
11.8705, 11.4867, 406.043
11.6732, 11.2613, 406.154
11.632, 11.2229, 406.097
11.6274, 11.2196, 406.044
11.6948, 11.2844, 406.054
11.7332, 11.3227, 405.99
11.8435, 11.4289, 406.009
11.8721, 11.4572, 405.975
11.8886, 11.4735, 405.962
11.8976, 11.4812, 406.008
11.8974, 11.482, 405.956
11.8995, 11.4848, 405.923
11.9069, 11.4931, 405.869
11.9262, 11.5095, 405.974
11.9402, 11.5242, 405.927
11.9523, 11.5363, 405.905
11.9523, 11.5365, 405.897
11.9523, 11.5363, 405.905
11.9523, 11.5363, 405.909
11.9544, 11.5385, 405.898
11.9566, 11.5408, 405.894
11.9567, 11.5407, 405.899
11.9612, 11.5445, 405.925
11.9655, 11.549, 405.908
11.9655, 11.5489, 405.914
11.9655, 11.549, 405.91
11.9655, 11.5491, 405.902
11.9655, 11.5488, 405.921
11.9654, 11.5492, 405.9
11.9766, 11.5592, 405.939
11.9765, 11.5598, 405.904
11.9788, 11.5611, 405.947
11.9787, 11.5617, 405.913
11.9788, 11.5612, 405.941
11.9789, 11.561, 405.954
11.9787, 11.5614, 405.928
11.9788, 11.5613, 405.939
11.9788, 11.5613, 405.936
11.9787, 11.5615, 405.923
11.9799, 11.5625, 405.93
11.9799, 11.5624, 405.934
11.9799, 11.5625, 405.932
11.9799, 11.5626, 405.925
11.9799, 11.5624, 405.934
11.9809, 11.5639, 405.914
11.9811, 11.5634, 405.941
11.981, 11.5637, 405.925
11.9821, 11.5648, 405.926
11.9822, 11.5646, 405.936
11.9821, 11.5647, 405.931
11.9821, 11.5649, 405.918
11.9821, 11.5647, 405.927
11.9821, 11.5649, 405.915
11.9821, 11.5649, 405.915
11.982, 11.565, 405.909
11.9821, 11.5649, 405.915
11.9819, 11.5656, 405.873
12.0054, 11.5916, 405.729
12.0696, 11.652, 405.825
12.1475, 11.7286, 405.785
12.3692, 11.9457, 405.728
12.5978, 12.1722, 405.583
12.8187, 12.4865, 405.729
13.0936, 12.8637, 406.696
13.0613, 13.0328, 408.124
13.1535, 13.2409, 409.716
13.1206, 13.3147, 410.914
13.1127, 13.3389, 410.929
13.1104, 13.3518, 410.178
13.0739, 13.2713, 409.492
13.0119, 13.0986, 409.129
12.8259, 12.8794, 408.812
12.634, 12.529, 408.262
12.4382, 12.3229, 408.209
12.3719, 12.2955, 408.225
12.3429, 12.2716, 408.128
12.3408, 12.2753, 407.857
12.3877, 12.2286, 407.465
12.4032, 12.2141, 407.281
12.4027, 12.2162, 407.158
12.4346, 12.1845, 406.957
12.4508, 12.1677, 406.913
12.4647, 12.1609, 406.284
12.5258, 12.119, 404.751
12.5201, 12.1381, 403.607
12.5167, 12.1489, 402.952
12.5452, 12.2034, 401.92
12.6657, 12.3907, 399.833
12.8022, 12.6326, 396.979
13.0303, 13.1427, 393.078
13.1412, 13.5128, 389.872
13.6396, 14.6884, 387.69
14.1328, 15.7359, 386.741
14.5309, 16.5557, 386.183
15.1169, 17.8185, 385.937
15.3735, 18.3495, 385.855
15.7652, 19.1063, 385.807
15.8554, 19.2974, 385.665
15.9416, 19.5422, 382.594
15.9413, 19.6394, 375.683
15.9856, 19.7825, 365.716
16.1815, 19.9252, 352.004
16.2596, 20.0283, 342.715
16.3339, 20.1033, 337.925
16.4248, 20.1623, 337.045
16.4265, 20.2144, 336.909
16.4173, 20.2154, 336.376
16.4096, 20.2269, 336.218
16.405, 20.2354, 336.167
16.4013, 20.2384, 336.022
16.3988, 20.2413, 335.952
16.3976, 20.2414, 335.883
16.3974, 20.2415, 335.87
16.3968, 20.2415, 335.837
16.4184, 20.2514, 335.823
16.418, 20.2514, 335.795
16.4178, 20.2514, 335.787
16.4128, 20.2519, 335.498
16.621, 20.0242, 335.389
16.8595, 19.5589, 335.307
17.4349, 18.363, 334.968
18.122, 16.894, 334.659
18.8168, 15.4834, 334.475
19.7368, 13.5057, 333.902
20.5479, 11.7983, 333.355
21.7721, 9.3693, 332.86
22.6765, 7.60916, 332.495
24.1465, 4.79067, 332.378
25.1543, 2.81402, 332.251
26.7447, -0.205887, 332.239
27.7937, -2.20002, 332.401
29.5103, -5.49146, 332.564
31.1178, -8.63854, 332.505
32.2966, -11.0062, 332.497
33.9493, -14.1264, 332.428
35.1385, -16.4023, 332.429
36.8697, -19.7193, 332.46
38.0736, -21.9251, 332.437
39.8104, -25.3028, 332.433
40.9873, -27.5584, 332.51
42.7265, -30.9024, 332.562
44.4142, -34.1537, 332.554
45.4224, -36.0868, 332.794
46.6248, -38.4399, 333.597
47.1207, -39.4344, 334.053
47.6548, -40.4202, 334.24
47.8135, -40.7478, 334.296
47.9093, -40.9494, 334.215
47.9184, -40.9768, 333.969
48.0918, -41.1784, 331.76
48.3326, -41.3843, 327.501
48.7756, -41.9554, 319.825
49.5191, -42.658, 311.401
50.0647, -43.1214, 301.868
50.9124, -43.7226, 292.391
51.5918, -44.0828, 283.597
52.2362, -44.6703, 276.35
52.5651, -45.1178, 272.266
52.5741, -45.4583, 270.469
52.5013, -45.6379, 269.699
52.3831, -45.6906, 269.456
52.3737, -45.6614, 269.805
52.5836, -45.6612, 269.775
53.2253, -45.6836, 269.659
53.7422, -45.6806, 269.647
54.8087, -45.6738, 269.681
55.4608, -45.6458, 269.725
56.7187, -45.6157, 269.746
57.5468, -45.5642, 269.749
58.604, -45.5136, 269.474
58.5937, -45.4915, 269.353
58.8097, -45.4916, 269.143
58.786, -45.4684, 269.106
58.7918, -45.4688, 269.071
58.7828, -45.4686, 269.096
58.7826, -45.469, 269.072
58.7827, -45.4688, 269.088
58.7826, -45.4688, 269.084
58.7827, -45.4688, 269.087
58.7828, -45.4686, 269.097
58.7828, -45.4685, 269.102
58.7827, -45.4686, 269.095
58.7828, -45.4686, 269.098
58.7828, -45.4686, 269.097
58.7828, -45.4685, 269.105
58.7828, -45.4686, 269.1
58.7828, -45.4685, 269.103
58.7828, -45.4686, 269.099
58.7828, -45.4686, 269.101
58.7828, -45.4685, 269.103
58.7828, -45.4686, 269.1
58.7828, -45.4686, 269.098
58.7828, -45.4686, 269.101
58.7828, -45.4685, 269.102
58.7828, -45.4686, 269.1
58.7828, -45.4685, 269.102
58.7828, -45.4686, 269.097
58.7828, -45.4685, 269.103
58.7828, -45.4686, 269.101
58.7827, -45.4687, 269.094
58.7827, -45.4687, 269.094
58.7827, -45.4686, 269.095
58.7827, -45.4687, 269.092
58.7827, -45.4686, 269.096
58.7827, -45.4686, 269.095
58.7828, -45.4686, 269.099
58.7828, -45.4686, 269.1
58.7827, -45.4686, 269.095
58.7827, -45.4686, 269.095
58.7827, -45.4687, 269.089
58.7827, -45.4686, 269.094
58.7827, -45.4687, 269.091
58.7827, -45.4687, 269.093
58.7827, -45.4688, 269.086
58.7827, -45.4687, 269.089
58.7827, -45.4687, 269.088
58.7827, -45.4687, 269.088
58.7826, -45.4688, 269.084
58.7826, -45.4688, 269.082
58.7826, -45.4688, 269.085
58.7826, -45.4689, 269.081
58.7826, -45.4689, 269.077
58.7826, -45.4689, 269.077
58.7826, -45.4689, 269.077
58.7826, -45.4689, 269.08
58.7826, -45.4689, 269.08
