29.6244, 47.6415, 270.001
29.6277, 47.6474, 270.395
29.6441, 47.6514, 272.259
29.6903, 47.6596, 274.575
30.2413, 47.4795, 277.527
30.6487, 47.1639, 280.217
31.8429, 46.6896, 282.126
33.281, 46.3315, 283.179
34.3859, 45.9788, 284.089
36.1828, 45.4266, 285.066
37.3711, 45.1113, 286.033
39.379, 44.5314, 287.184
40.7123, 44.176, 288.691
42.6042, 43.6078, 291.078
43.818, 43.202, 293.623
45.6961, 42.5033, 295.848
47.6032, 41.9441, 297.972
48.9095, 41.4491, 299.995
50.558, 40.5795, 302.927
51.8153, 40.0663, 305.451
53.3181, 39.3579, 309.401
54.3786, 38.7609, 313.504
55.787, 37.783, 316.412
56.8207, 37.1653, 318.542
58.1763, 35.9228, 321.188
59.061, 35.0805, 324.75
60.3077, 33.8744, 329.617
61.4534, 32.5423, 333.953
62.1629, 31.7107, 339.27
63.126, 30.4106, 344.624
63.6203, 29.4712, 350.336
64.0838, 27.8769, 354.777
64.5341, 26.8117, 357.808
64.8415, 25.0834, 360.389
64.8358, 23.9268, 361.637
64.7691, 22.3883, 361.967
64.7124, 20.7847, 362.5
64.687, 19.6521, 362.567
64.5596, 17.8894, 362.505
64.5021, 16.6822, 362.084
64.541, 15.2177, 361.283
64.4735, 14.7005, 360.533
64.4436, 14.6994, 360.148
64.4332, 14.7052, 359.467
64.427, 14.3302, 358.446
64.4684, 13.5608, 357.941
64.5234, 13.1956, 357.464
64.6039, 12.7601, 358.479
64.5851, 12.7992, 358.885
64.5213, 12.6689, 359.299
64.5179, 12.6752, 359.083
64.5172, 12.6727, 359.029
64.4884, 11.7335, 359.569
64.5024, 10.6058, 359.994
64.5281, 10.6187, 360.099
64.5532, 10.6225, 360.175
64.5567, 10.1427, 360.831
64.5918, 9.22502, 361.131
64.564, 7.78687, 360.898
64.576, 7.208, 360.578
64.5459, 6.59135, 360.615
64.586, 6.58614, 360.104
64.6298, 5.96612, 359.666
64.636, 4.93254, 359.626
64.6718, 3.11551, 359.564
64.6812, 2.60186, 359.887
64.672, 1.10547, 361.389
64.6302, 0.783394, 362.608
64.5496, 0.0878123, 362.687
64.5206, -0.924297, 362.327
64.5385, -0.937217, 361.966
64.5205, -2.95621, 361.752
64.514, -3.16769, 361.738
64.5061, -4.20277, 361.661
64.4813, -5.17296, 361.798
64.4611, -6.82171, 365.079
64.276, -8.0252, 371.202
63.8655, -9.10446, 375.685
63.3493, -10.2594, 380.491
62.9076, -11.1395, 388.978
62.295, -12.0689, 402.246
61.6796, -12.8407, 414.412
61.0375, -13.4387, 426.238
60.3028, -13.8317, 436.661
59.8222, -14.0251, 444.279
59.439, -14.5305, 448.802
59.4824, -14.9887, 450.522
59.5358, -15.1972, 450.005
57.7235, -32.1158, 448.794
57.6653, -32.1498, 449.397
57.3955, -32.1864, 452.018
56.5972, -32.1443, 455.984
55.8925, -31.9478, 461.2
54.7583, -31.6271, 465.896
53.8597, -31.346, 472.342
52.0679, -30.5696, 480.652
51.0981, -30.2435, 487.99
49.7607, -29.3626, 495.853
48.6049, -28.7978, 502.899
47.4895, -27.3114, 507.479
46.5152, -26.2764, 509.512
44.8979, -24.6068, 509.868
43.7662, -23.2774, 509.436
42.1682, -21.1919, 509.068
41.0998, -19.5521, 509.069
39.5226, -17.1502, 509.31
37.9101, -14.4261, 509.604
36.8487, -12.6621, 509.777
35.2107, -9.89637, 509.847
34.0559, -7.90731, 509.91
32.3528, -5.06208, 509.994
31.2408, -3.1348, 510.089
29.5229, -0.148302, 510.094
28.4137, 1.78015, 510.147
26.7009, 4.76659, 510.197
25.0207, 7.70026, 510.187
23.9027, 9.6988, 510.141
22.3138, 12.661, 510.225
21.2141, 14.4436, 509.627
20.0354, 16.5396, 508.768
19.4693, 17.5726, 508.02
18.7043, 18.7547, 507.459
18.5066, 19.1666, 506.879
18.1281, 19.7483, 506.754
18.1109, 19.8205, 506.673
18.0732, 19.928, 504.855
18.1733, 19.9433, 499.044
18.2285, 19.8883, 489.602
18.1775, 19.805, 477.037
18.1265, 19.7114, 461.841
18.0553, 19.5974, 444.705
18.1595, 19.3561, 427.076
18.2436, 19.2355, 411.702
18.3541, 19.2136, 403.458
18.5052, 19.1577, 402.253
18.483, 19.1677, 403.896
18.5114, 19.1605, 403.988
18.5318, 19.1522, 403.754
18.5328, 19.1487, 403.966
18.5337, 19.1507, 403.909
18.534, 19.1497, 403.97
18.534, 19.1497, 403.968
18.5339, 19.1499, 403.959
18.534, 19.1496, 403.978
18.5343, 19.1485, 404.044
18.3162, 18.918, 404.373
17.8509, 18.4412, 404.435
17.3935, 17.9733, 404.539
16.7253, 17.2944, 404.534
16.2562, 16.8177, 404.534
15.6342, 16.2203, 404.526
15.2215, 15.8342, 404.543
14.8569, 15.4619, 404.675
14.7427, 15.4155, 404.634
14.6757, 15.3485, 404.595
14.3655, 14.9655, 404.567
13.8883, 14.4822, 404.519
13.2688, 13.8857, 404.599
12.7431, 13.3534, 404.543
12.0815, 12.716, 404.494
11.6064, 12.2664, 404.507
11.084, 11.7683, 404.578
10.8817, 11.6316, 404.562
10.7989, 11.5477, 404.554
10.7926, 11.5405, 404.588
10.7915, 11.5394, 404.59
10.8412, 11.6239, 404.593
10.9036, 11.6874, 404.587
10.967, 11.7522, 404.56
10.9586, 11.7778, 404.565
10.9671, 11.7869, 404.545
10.9682, 11.7877, 404.561
10.9684, 11.7871, 404.601
10.9693, 11.789, 404.55
10.9695, 11.7884, 404.585
10.9704, 11.7897, 404.571
10.9703, 11.79, 404.554
10.9702, 11.7903, 404.532
10.9703, 11.7899, 404.556
10.9701, 11.7905, 404.521
10.9702, 11.7901, 404.543
10.9701, 11.7906, 404.519
10.9702, 11.7903, 404.535
10.9531, 11.8072, 404.529
10.9531, 11.8073, 404.525
10.9702, 11.7904, 404.53
10.9531, 11.8072, 404.527
10.953, 11.8074, 404.517
10.9701, 11.7905, 404.523
10.953, 11.8075, 404.509
10.9701, 11.7906, 404.514
10.953, 11.8075, 404.513
10.9531, 11.8072, 404.528
10.9701, 11.7908, 404.506
10.953, 11.8075, 404.51
10.9533, 11.8065, 404.574
10.9527, 11.8088, 404.436
10.9544, 11.8078, 404.562
10.9541, 11.8089, 404.499
10.9366, 11.8267, 404.436
10.9371, 11.8251, 404.535
10.9379, 11.8274, 404.464
10.938, 11.8269, 404.496
10.938, 11.8271, 404.481
10.9379, 11.8274, 404.466
10.9379, 11.8273, 404.474
10.938, 11.827, 404.486
10.9379, 11.8272, 404.477
10.9379, 11.8273, 404.473
10.938, 11.8271, 404.481
10.9381, 11.8265, 404.516
10.938, 11.8271, 404.484
10.9381, 11.8268, 404.503
10.9381, 11.8266, 404.514
10.9561, 11.8118, 404.459
10.9404, 11.8283, 404.54
10.94, 11.8298, 404.456
10.9402, 11.8292, 404.486
10.9403, 11.8288, 404.511
10.9412, 11.8301, 404.492
10.9412, 11.8301, 404.495
10.9412, 11.83, 404.499
10.9413, 11.8297, 404.519
10.9412, 11.83, 404.498
10.9412, 11.8301, 404.496
10.9413, 11.8296, 404.524
10.9412, 11.83, 404.501
10.9413, 11.8295, 404.53
10.9412, 11.83, 404.5
10.9413, 11.8296, 404.522
10.9412, 11.83, 404.501
10.9413, 11.8297, 404.518
10.9412, 11.8299, 404.505
10.9412, 11.8299, 404.505
10.9412, 11.83, 404.502
10.9412, 11.83, 404.503
10.9413, 11.8298, 404.514
10.9413, 11.8297, 404.518
10.9412, 11.8299, 404.508
10.9413, 11.8298, 404.512
10.9413, 11.8298, 404.512
10.9413, 11.8298, 404.513
10.9412, 11.8299, 404.505
11.0476, 11.9342, 403.224
11.373, 12.3328, 401.449
11.6537, 12.8378, 398.826
12.1948, 13.717, 395.541
12.648, 14.508, 392.742
13.4093, 15.8199, 391.213
13.8848, 16.689, 390.434
14.632, 18.0288, 390.082
14.9888, 18.6425, 390.131
15.3733, 19.3565, 390.047
15.4588, 19.5037, 390.064
15.5265, 19.6229, 389.995
15.5358, 19.6356, 388.533
15.4679, 19.6865, 383.031
15.4298, 19.6511, 373.963
15.5346, 19.6453, 361.889
15.6861, 19.7233, 348.75
15.789, 19.821, 336.512
15.9247, 19.9085, 329.803
15.9672, 19.9329, 329.871
15.9784, 19.9678, 331.623
15.9824, 19.9691, 331.892
15.9739, 19.9693, 331.409
15.9741, 19.9693, 331.416
16.0508, 19.7359, 331.708
16.4937, 18.9211, 332.334
16.8611, 18.2254, 332.674
17.5472, 16.689, 332.699
18.0913, 15.5263, 332.378
19.1554, 13.5003, 331.992
20.2665, 11.2595, 331.96
21.107, 9.68191, 332.015
22.4626, 7.07656, 332.091
23.4646, 5.18428, 332.075
24.926, 2.37768, 332.02
26.0833, 0.251318, 332.042
27.6659, -2.83594, 332.113
28.7763, -4.93633, 332.065
30.5066, -8.09069, 331.92
32.2463, -11.4011, 331.914
33.3872, -13.5394, 331.896
35.1646, -16.8682, 331.901
36.3492, -19.0861, 331.938
38.1462, -22.5113, 332.004
39.3183, -24.7162, 331.994
41.1246, -28.111, 331.963
42.3212, -30.3587, 331.954
44.0062, -33.6193, 331.838
45.1427, -35.8001, 331.674
46.5086, -38.3265, 330.996
47.4166, -39.9651, 330.305
47.7325, -40.5818, 329.594
47.9907, -41.037, 328.905
48.0161, -41.0884, 328.578
47.9902, -41.1065, 328.081
48.0266, -41.2781, 325.49
48.3946, -41.7193, 321.115
48.8044, -42.0772, 316.385
49.5306, -42.6148, 308.688
50.4994, -43.3199, 297.471
51.0389, -43.5674, 288.241
51.8693, -44.0168, 279.847
52.3016, -44.5497, 273.467
52.5744, -45.0175, 270.315
52.4905, -45.2973, 269.312
52.3529, -45.4001, 268.999
52.2611, -45.4233, 269.159
52.3261, -45.3967, 269.276
52.8458, -45.3905, 269.225
53.3492, -45.3835, 269.259
54.3105, -45.3712, 269.228
55.0162, -45.3999, 269.938
55.3282, -45.4152, 273.884
55.7392, -45.3371, 276.829
56.0763, -45.3463, 279.417
56.0707, -45.301, 279.16
56.0603, -45.2758, 279.105
56.0603, -45.2759, 279.102
56.0603, -45.2759, 279.103
56.0603, -45.2758, 279.105
56.0604, -45.2758, 279.111
56.0604, -45.2757, 279.112
56.0604, -45.2757, 279.117
56.0605, -45.2757, 279.118
56.0605, -45.2757, 279.119
56.0604, -45.2757, 279.117
56.0605, -45.2757, 279.117
56.0605, -45.2757, 279.118
56.0604, -45.2757, 279.115
56.0604, -45.2757, 279.115
56.0605, -45.2757, 279.117
56.0604, -45.2757, 279.114
56.0604, -45.2757, 279.115
56.0605, -45.2757, 279.118
56.0604, -45.2757, 279.114
56.0604, -45.2757, 279.115
56.0604, -45.2757, 279.115
56.0605, -45.2757, 279.116
56.0604, -45.2757, 279.114
56.0604, -45.2757, 279.111
56.0604, -45.2758, 279.11
56.0604, -45.2758, 279.11
56.0604, -45.2758, 279.109
56.0604, -45.2758, 279.11
56.0604, -45.2757, 279.112
56.0605, -45.2757, 279.115
56.0605, -45.2757, 279.115
56.0605, -45.2757, 279.116
56.0604, -45.2757, 279.114
56.0605, -45.2757, 279.117
56.0605, -45.2756, 279.119
56.0605, -45.2756, 279.12
56.0605, -45.2756, 279.122
56.0605, -45.2756, 279.121
56.0605, -45.2756, 279.122
56.0605, -45.2756, 279.122
56.0605, -45.2756, 279.122
56.0605, -45.2756, 279.121
56.0605, -45.2755, 279.125
56.0605, -45.2756, 279.122
56.0605, -45.2756, 279.121
56.0605, -45.2756, 279.122
56.0605, -45.2756, 279.118
56.0605, -45.2756, 279.117
56.0605, -45.2756, 279.12
56.0605, -45.2756, 279.12
56.0605, -45.2756, 279.118
56.0605, -45.2756, 279.118
56.0605, -45.2756, 279.122
56.0605, -45.2756, 279.124
56.0605, -45.2756, 279.119
56.0605, -45.2757, 279.116
56.0604, -45.2757, 279.115
56.0605, -45.2757, 279.117
56.0604, -45.2757, 279.115
56.0605, -45.2756, 279.119
