29.6999, 47.0478, 270
29.7024, 47.0521, 270.285
29.7222, 46.9952, 272.896
29.7408, 46.8036, 276.229
29.973, 46.3494, 280.725
30.2156, 45.9534, 285.857
30.7665, 45.4098, 290.547
31.3347, 44.8575, 292.938
32.4402, 44.2886, 293.973
33.3641, 43.7773, 294.677
34.8302, 42.9988, 295.356
36.4029, 42.2531, 295.816
37.4865, 41.7319, 296.333
39.1124, 40.9271, 296.997
40.27, 40.3405, 297.695
41.9923, 39.435, 298.505
43.1031, 38.8373, 299.439
44.7176, 37.9252, 301.014
45.6614, 37.3671, 302.562
47.204, 36.3804, 303.968
48.7549, 35.3881, 305.423
49.759, 34.7094, 306.59
51.1657, 33.6642, 307.753
52.1362, 32.9227, 309.183
53.4865, 31.8214, 311.302
54.2851, 31.1678, 313.277
55.5699, 30.0569, 314.953
56.3936, 29.2798, 316.343
57.5667, 28.0511, 317.824
58.2871, 27.2759, 319.739
59.4064, 26.0752, 322.545
60.3544, 25.0519, 325.279
60.9689, 24.3804, 328.811
61.7785, 23.2518, 332.256
62.0953, 22.5455, 337.703
62.488, 21.2787, 341.092
62.5207, 20.6211, 340.097
62.367, 19.7874, 340.152
62.1967, 19.4144, 343.9
61.9353, 19.0022, 349.489
61.6464, 18.4054, 355.548
61.3669, 17.588, 358.176
61.2882, 16.516, 359.774
61.2725, 15.6269, 360.591
61.2051, 14.1795, 360.071
61.2841, 13.9322, 360.579
61.2887, 13.7078, 361.153
61.3026, 13.5406, 362.354
61.2835, 13.4535, 362.937
61.2728, 13.1257, 363.437
61.2617, 13.0185, 363.11
61.202, 12.1635, 361.403
61.1894, 10.7126, 359.979
61.1698, 9.82612, 360.322
61.3654, 9.27576, 359.045
61.3127, 9.30768, 357.224
61.2702, 9.20852, 353.871
61.32, 8.46967, 349.839
61.3755, 7.93632, 345.647
61.3437, 7.91916, 343.361
61.3322, 7.92195, 341.076
61.3048, 7.98668, 340.755
61.289, 7.97635, 341.134
61.305, 7.95828, 341.751
61.5605, 7.23095, 343.595
61.913, 6.07994, 346.347
62.0935, 5.39842, 348.2
62.3194, 4.28819, 348.108
62.4294, 3.75242, 345.69
62.3881, 3.73619, 342.798
62.2277, 3.69239, 341.331
62.1316, 3.51607, 341.055
62.3031, 2.40766, 340.634
62.3445, 2.16705, 341.176
62.5725, 1.51931, 342.023
62.7289, 1.05265, 342.511
63.3937, -1.22339, 342.416
63.4311, -1.19218, 342.212
63.3901, -1.14037, 340.68
63.3233, -1.06358, 338.455
63.3199, -1.01962, 339.253
63.5138, -1.78194, 342.817
63.3886, -2.28805, 349.598
63.4917, -2.76995, 357.586
63.2901, -3.68387, 366.096
63.1935, -4.59605, 375.958
63.0037, -5.50243, 386.634
62.6585, -6.37417, 398.112
62.1211, -7.18605, 410.031
61.7159, -8.11566, 421.812
61.1239, -9.31712, 432.592
60.7696, -10.2076, 441.767
60.6096, -10.9525, 448.365
60.5816, -11.432, 451.499
60.6769, -11.8409, 451.378
60.8072, -12.0274, 449.377
60.8196, -12.0847, 448.425
60.8184, -12.087, 448.574
60.8135, -12.0902, 448.781
60.7952, -12.0906, 448.78
60.7949, -12.0912, 448.816
60.7934, -12.0911, 448.808
57.0569, -29.5886, 448.831
57.0082, -29.5971, 449.343
56.7443, -29.6285, 451.482
56.201, -29.5934, 456.006
55.2712, -29.3169, 461.172
54.5799, -29.0379, 467.036
53.3584, -28.5649, 473.48
52.5028, -28.1358, 480.313
51.3293, -27.4861, 487.812
50.397, -26.8159, 495.317
49.0814, -25.6738, 501.164
48.1635, -24.8587, 504.237
46.7451, -23.3642, 506.172
45.228, -21.5183, 506.585
44.1745, -20.1828, 506.25
42.5403, -17.9991, 506.185
41.4109, -16.3988, 506.266
39.7404, -13.98, 506.452
38.5693, -12.2998, 506.572
36.8715, -9.72437, 506.741
35.6781, -7.90287, 506.863
33.8941, -5.16856, 506.927
32.6144, -3.29034, 506.962
30.8175, -0.528626, 506.942
28.9426, 2.3094, 507.007
27.7399, 4.1616, 507.117
25.9243, 6.97264, 507.205
24.6753, 8.91255, 507.235
22.9276, 11.6278, 507.243
21.6958, 13.5423, 507.416
20.28, 15.7574, 507.382
19.3886, 17.1936, 507.73
18.6466, 18.2775, 507.843
18.1387, 18.9936, 507.931
18.0613, 19.1147, 508.032
17.9753, 19.2539, 507.988
18.0499, 19.2011, 505.765
18.1339, 19.1977, 499.905
18.2815, 19.2272, 490.082
18.3197, 19.0882, 477.334
18.3742, 18.911, 461.799
18.4435, 18.693, 444.022
18.6388, 18.4393, 425.763
18.8101, 18.3061, 407.261
18.8769, 18.1846, 400.392
18.9152, 18.1491, 400.664
18.929, 18.1258, 402.355
18.9389, 18.1296, 402.667
18.9393, 18.1331, 402.528
18.9403, 18.1299, 402.722
18.9401, 18.1307, 402.675
18.9404, 18.1295, 402.748
18.9405, 18.1294, 402.75
18.9406, 18.1288, 402.786
18.9406, 18.1291, 402.77
18.9412, 18.1272, 402.882
18.8602, 18.0379, 402.999
18.517, 17.6705, 402.953
18.256, 17.3885, 403.039
17.8383, 16.9406, 403.084
17.5932, 16.6774, 403.155
17.2313, 16.2917, 403.125
17.0289, 16.0755, 403.143
16.7844, 15.8152, 403.111
16.6104, 15.629, 403.129
16.4833, 15.4941, 403.09
16.1373, 15.1254, 403.023
15.7688, 14.7309, 403.01
15.2248, 14.148, 402.972
14.7154, 13.6013, 402.976
14.4574, 13.3234, 403.027
14.0367, 12.8718, 403.074
13.9132, 12.739, 403.112
13.7373, 12.5509, 403.117
13.6931, 12.5045, 403.073
13.6688, 12.4787, 403.07
13.6678, 12.4779, 403.055
13.6678, 12.4781, 403.048
13.6676, 12.4785, 403.022
13.6676, 12.4787, 403.012
13.6676, 12.4787, 403.011
13.6676, 12.4787, 403.008
13.6676, 12.4787, 403.012
13.6676, 12.4786, 403.014
13.6675, 12.4788, 403.001
13.6675, 12.4788, 403.003
13.6675, 12.4789, 402.995
13.6676, 12.4787, 403.01
13.6675, 12.479, 402.99
13.6675, 12.479, 402.991
13.6675, 12.4788, 403.002
13.6675, 12.479, 402.99
13.6675, 12.479, 402.993
13.6675, 12.479, 402.994
13.6674, 12.4791, 402.986
13.6676, 12.4787, 403.011
13.6676, 12.4785, 403.024
13.6675, 12.479, 402.991
13.6674, 12.4793, 402.97
13.6676, 12.4786, 403.016
13.6675, 12.4788, 403.003
13.6677, 12.4784, 403.03
13.6674, 12.4792, 402.979
13.6676, 12.4787, 403.012
13.6675, 12.4788, 403.002
13.6674, 12.4791, 402.987
13.6675, 12.4789, 402.996
13.6681, 12.477, 403.112
13.6677, 12.4784, 403.03
13.6674, 12.4791, 402.984
13.6677, 12.4783, 403.032
13.6674, 12.479, 402.989
13.6675, 12.4788, 403.004
13.6675, 12.4789, 402.996
13.6676, 12.4786, 403.013
13.6674, 12.4791, 402.988
13.6676, 12.4787, 403.008
13.6675, 12.479, 402.99
13.6675, 12.4787, 403.007
13.6675, 12.4788, 403.003
13.6675, 12.4788, 403.003
13.6675, 12.4788, 403.005
13.6675, 12.4788, 403.001
13.6675, 12.4789, 402.998
13.6675, 12.4788, 403.001
13.6675, 12.4789, 402.997
13.6675, 12.4789, 402.998
13.6675, 12.4789, 403
13.6675, 12.4789, 403
13.6675, 12.4789, 403
13.6675, 12.4789, 402.996
13.6675, 12.4789, 402.995
13.6675, 12.4789, 402.996
13.6675, 12.479, 402.992
13.6675, 12.479, 402.994
13.6675, 12.479, 402.991
13.6675, 12.4789, 402.995
13.6675, 12.4789, 402.996
13.6675, 12.479, 402.993
13.6675, 12.4788, 403.001
13.6674, 12.479, 402.989
13.6674, 12.479, 402.989
13.6675, 12.479, 402.992
13.6674, 12.4791, 402.986
13.6674, 12.479, 402.989
13.6674, 12.4791, 402.988
13.6674, 12.4791, 402.983
13.6674, 12.4791, 402.988
13.6674, 12.4791, 402.988
13.6674, 12.4791, 402.984
13.6675, 12.479, 402.993
13.6674, 12.4792, 402.981
13.6758, 12.497, 402.587
13.8083, 12.7354, 398.758
14.1935, 13.2777, 394.851
14.5168, 13.8733, 392.453
15.065, 14.8457, 391.19
15.4463, 15.5523, 390.486
16.1, 16.6778, 390.207
16.4859, 17.3523, 389.943
16.85, 17.9924, 389.742
17.1044, 18.3968, 389.546
17.2057, 18.578, 389.477
17.2403, 18.6703, 388.477
17.2652, 18.7833, 383.448
17.3306, 18.7302, 374.749
17.4228, 18.7349, 363.26
17.6186, 18.7869, 351.045
17.7355, 18.9075, 339.973
17.7638, 18.9517, 334.888
17.8056, 18.9523, 335.821
17.8155, 18.9513, 336.394
17.7997, 18.9528, 335.482
17.7965, 18.953, 335.295
17.7972, 18.953, 335.335
17.7971, 18.9516, 335.296
17.7968, 18.9516, 335.276
17.7969, 18.9516, 335.281
17.7967, 18.9517, 335.273
17.7967, 18.9517, 335.273
17.7966, 18.9517, 335.266
17.7965, 18.9517, 335.262
17.7965, 18.9517, 335.26
18.0785, 18.6055, 334.349
18.3718, 18.2021, 333.806
18.9029, 17.228, 333.385
19.5125, 16.069, 333.825
20.4611, 14.3034, 333.627
21.0273, 13.2707, 333.647
22.1479, 11.0076, 333.691
23.0868, 9.32458, 333.66
24.3723, 6.78428, 333.637
25.3073, 4.8971, 333.636
26.7712, 2.00077, 333.544
28.3529, -1.01816, 333.606
29.4355, -3.03852, 333.693
31.0413, -6.28879, 333.739
32.086, -8.40649, 333.815
33.7004, -11.6938, 333.888
34.7865, -13.9084, 333.888
36.4438, -17.2923, 333.941
37.5539, -19.5619, 333.958
39.2388, -23.0127, 334.03
40.9198, -26.4626, 333.993
42.0159, -28.709, 334.059
43.6396, -32.05, 334.165
44.6869, -34.2693, 334.29
45.9535, -36.9545, 334.359
46.538, -38.2227, 334.773
47.1884, -39.5418, 335.395
47.5011, -40.0988, 335.904
47.7123, -40.567, 336.058
47.7959, -40.7536, 336.111
47.8412, -40.8574, 336.067
47.9508, -41.0864, 334.746
48.0987, -41.2804, 331.336
48.4993, -41.7728, 325.826
48.944, -42.1732, 318.511
49.6442, -42.8021, 309.601
50.1672, -43.2811, 299.982
51.1828, -43.8127, 292.301
51.6771, -44.1179, 283.288
52.4106, -44.724, 275.517
52.6354, -45.2953, 270.452
52.6219, -45.5566, 269.048
52.4716, -45.637, 268.709
52.4171, -45.6371, 268.787
52.4065, -45.634, 269.002
52.4069, -45.6333, 269.05
52.4071, -45.6328, 269.084
52.4073, -45.6325, 269.099
52.4779, -45.6533, 269.25
52.8209, -45.6254, 269.203
53.6239, -45.6148, 269.132
54.6341, -45.5757, 269.108
55.3241, -45.5651, 269.085
56.5355, -45.5459, 269.054
57.3666, -45.5325, 269.024
57.8741, -45.5265, 268.817
57.8209, -45.5293, 268.704
57.8258, -45.5317, 268.554
57.8965, -45.4825, 268.514
58.0279, -45.4796, 268.476
58.0272, -45.481, 268.387
58.0274, -45.4805, 268.415
58.0272, -45.4809, 268.388
58.0272, -45.481, 268.383
58.0272, -45.4809, 268.393
58.0273, -45.4808, 268.397
58.0273, -45.4807, 268.404
58.0273, -45.4807, 268.404
58.0273, -45.4807, 268.406
58.0273, -45.4807, 268.404
58.0273, -45.4807, 268.405
58.0273, -45.4807, 268.403
58.0273, -45.4807, 268.404
58.0273, -45.4807, 268.404
58.0273, -45.4807, 268.404
58.0273, -45.4807, 268.405
58.0273, -45.4807, 268.404
58.0273, -45.4807, 268.402
58.0273, -45.4808, 268.4
58.0273, -45.4808, 268.398
58.0273, -45.4808, 268.399
58.0273, -45.4808, 268.398
58.0273, -45.4808, 268.397
58.0273, -45.4808, 268.399
58.0273, -45.4808, 268.397
58.0272, -45.4809, 268.392
58.0272, -45.4809, 268.391
58.0272, -45.4809, 268.389
58.0272, -45.4809, 268.388
58.0272, -45.4809, 268.389
58.0272, -45.481, 268.386
58.0272, -45.481, 268.387
58.0272, -45.4809, 268.389
58.0272, -45.481, 268.387
58.0272, -45.481, 268.387
58.0272, -45.4809, 268.389
58.0272, -45.481, 268.387
58.0272, -45.481, 268.386
58.0272, -45.4809, 268.388
58.0272, -45.481, 268.385
58.0272, -45.481, 268.386
58.0272, -45.481, 268.384
58.0272, -45.4809, 268.388
58.0272, -45.481, 268.386
58.0272, -45.481, 268.387
58.0272, -45.481, 268.386
58.0271, -45.4811, 268.378
58.0271, -45.4811, 268.38
58.0271, -45.4811, 268.38
58.0271, -45.4811, 268.379
58.0271, -45.4811, 268.377
58.0271, -45.4812, 268.375
58.0271, -45.4811, 268.377
58.0271, -45.4811, 268.379
58.0271, -45.4811, 268.378
58.0271, -45.4811, 268.38
58.0271, -45.4811, 268.381
58.0271, -45.4811, 268.381
58.0271, -45.4811, 268.381
58.0271, -45.4812, 268.374
58.0271, -45.4812, 268.374
58.0271, -45.4812, 268.376
58.0271, -45.4812, 268.374
58.0271, -45.4812, 268.373
58.027, -45.4812, 268.372
58.027, -45.4812, 268.37
58.027, -45.4813, 268.368
58.027, -45.4812, 268.371
58.027, -45.4813, 268.37
58.027, -45.4812, 268.372
58.027, -45.4813, 268.365
58.027, -45.4814, 268.363
58.027, -45.4813, 268.364
58.027, -45.4813, 268.367
58.027, -45.4813, 268.365
58.027, -45.4814, 268.363
58.027, -45.4813, 268.365
58.0269, -45.4814, 268.36
58.0269, -45.4814, 268.36
58.0269, -45.4815, 268.356
58.0269, -45.4815, 268.355
58.0269, -45.4814, 268.357
58.0269, -45.4815, 268.355
58.0269, -45.4815, 268.356
58.0269, -45.4815, 268.355
58.0269, -45.4815, 268.353
58.0269, -45.4815, 268.352
58.0269, -45.4815, 268.354
58.0269, -45.4815, 268.355
58.0269, -45.4815, 268.357
58.0269, -45.4815, 268.356
