-63.8194, -15.4113, 179.999
-63.8218, -15.41, 180.154
-63.7771, -15.0682, 180.521
-63.7814, -14.6854, 181.171
-63.7683, -14.2216, 180.878
-63.7661, -13.8809, 181.088
-63.757, -13.2199, 181.469
-63.7502, -12.9185, 181.557
-63.7386, -12.6049, 181.278
-63.7181, -11.8164, 180.937
-63.6965, -10.6392, 180.499
-63.6874, -9.69229, 180.166
-63.7301, -8.18982, 180.054
-63.7268, -8.11344, 179.836
-63.6819, -7.99361, 180.025
-63.5881, -7.99247, 180.172
-63.5809, -6.1323, 180.301
-63.6058, -6.11918, 180.375
-63.6309, -6.28011, 180.374
-63.6352, -4.10223, 179.76
-63.6665, -2.53048, 178.977
-63.6387, -1.52165, 179.405
-63.6682, -1.31726, 179.665
-63.6633, -1.10599, 179.243
-63.6632, -0.819073, 178.873
-63.6566, -0.0222287, 178.906
-63.6314, 0.669331, 179.758
-63.6403, 0.921598, 180.421
-63.6591, 2.0252, 180.847
-63.6518, 2.69077, 181.028
-63.4557, 3.03684, 181.237
-63.4279, 3.15989, 181.155
-63.4189, 3.51107, 180.958
-63.3875, 5.48872, 181.035
-63.3862, 5.57014, 181.047
-63.3501, 7.61131, 180.831
-63.397, 7.59742, 180.745
-63.409, 8.52438, 180.78
-63.4873, 9.85872, 180.791
-63.4856, 11.0635, 183.074
-63.2815, 11.9633, 185.287
-62.9718, 13.2372, 188.403
-62.614, 13.9487, 193.224
-61.9039, 14.9557, 199.153
-61.173, 15.8781, 209.302
-60.6499, 16.3675, 219.528
-59.9056, 17.1939, 230.754
-59.21, 17.8587, 242.477
-58.3707, 18.3798, 254.488
-57.5358, 18.876, 266.539
-56.6336, 19.5193, 278.275
-55.5477, 20.1166, 289.837
-54.4937, 20.5626, 301.425
-53.1945, 20.882, 313.263
-52.0987, 20.7513, 327.895
-51.3495, 19.9869, 340.35
-50.9606, 19.566, 352.594
-47.8474, 30.1383, 364.087
-47.6062, 29.3799, 375.249
-47.2063, 28.3462, 386.442
-46.8064, 27.0285, 397.794
-46.4637, 25.886, 409.104
-46.4827, 24.4943, 420.576
-46.7343, 23.2542, 431.305
-47.36, 21.762, 442.37
-47.5336, 21.4717, 447.749
-47.5896, 21.1266, 449.854
-47.5837, 20.557, 449.438
-47.5695, 20.1143, 448.575
-47.5429, 19.9, 448.51
-47.2529, 19.7636, 451.212
-46.8827, 19.6846, 454.968
-45.9133, 19.5185, 458.264
-45.1232, 19.3486, 460.639
-43.6342, 19.0189, 462.319
-41.9663, 18.6322, 463.028
-39.9564, 18.1682, 463.66
-38.538, 17.8102, 464.094
-36.3836, 17.2846, 464.355
-34.9018, 16.8998, 464.53
-32.5352, 16.2854, 464.551
-30.9013, 15.8596, 464.611
-28.4807, 15.2275, 464.633
-26.7828, 14.809, 464.639
-24.2732, 14.1744, 464.744
-22.5795, 13.7249, 464.863
-20.0489, 13.0521, 464.873
-18.4094, 12.6437, 464.808
-15.9244, 11.9831, 464.946
-14.5671, 11.603, 465.553
-12.7517, 11.1029, 465.259
-12.5216, 11.2808, 464.275
-12.7206, 11.3277, 464.521
-12.7284, 11.3026, 464.672
-12.7264, 11.3028, 464.628
-12.7263, 11.3028, 464.623
-12.7263, 11.3028, 464.624
-12.7264, 11.3028, 464.627
-12.7264, 11.3028, 464.627
-12.7263, 11.3029, 464.621
-12.7262, 11.3029, 464.614
-12.8337, 11.3303, 464.661
-13.1501, 11.4126, 464.696
-13.2078, 11.4281, 464.67
-13.2956, 11.4489, 464.819
-13.3145, 11.4329, 466.163
-13.3618, 11.3873, 469.981
-13.3702, 11.511, 476.953
-13.3811, 11.9483, 484.701
-13.5261, 12.6952, 489.622
-13.7996, 13.0417, 488.002
-13.8984, 13.3376, 487.456
-13.8788, 13.5433, 491.985
-13.8608, 13.7859, 497.393
-14.1543, 14.1374, 497.631
-14.6324, 14.7311, 497.812
-15.1097, 15.2939, 497.786
-15.915, 16.2177, 497.723
-16.4132, 16.8378, 497.661
-17.1639, 17.6975, 497.644
-17.5703, 18.1785, 497.67
-17.8476, 18.4836, 497.631
-17.9526, 18.5994, 497.599
-18.0337, 18.6931, 497.379
-17.7121, 18.3615, 496.807
-17.3189, 18.0257, 496.374
-16.3094, 17.0185, 495.944
-15.6206, 16.3176, 495.633
-14.3159, 15.0339, 495.265
-13.3385, 14.06, 494.972
-12.0273, 12.7767, 494.227
-11.585, 12.6156, 491.521
-11.5628, 12.7314, 491.131
-11.577, 12.6759, 491.331
-11.5418, 12.7104, 491.256
-11.5423, 12.7102, 491.286
-11.542, 12.7103, 491.269
-11.5417, 12.7104, 491.25
-11.5417, 12.7104, 491.251
-11.5415, 12.7105, 491.238
-11.5413, 12.7105, 491.227
-11.5414, 12.7105, 491.232
-11.5413, 12.7105, 491.225
-11.5412, 12.7106, 491.219
-11.556, 12.7239, 491.204
-11.8172, 12.9547, 491.076
-11.9901, 13.1047, 491.109
-12.0593, 13.164, 491.171
-12.1086, 13.2074, 491.156
-12.111, 13.2094, 491.157
-12.1111, 13.2094, 491.163
-12.1105, 13.2096, 491.13
-12.1107, 13.2096, 491.137
-12.1094, 13.2086, 491.132
-12.1094, 13.2086, 491.13
-12.1094, 13.2085, 491.135
-12.1091, 13.2086, 491.116
-12.1093, 13.2086, 491.127
-12.1091, 13.2087, 491.115
-12.1092, 13.2086, 491.122
-12.1091, 13.2087, 491.113
-12.1092, 13.2086, 491.118
-12.109, 13.2087, 491.11
-12.109, 13.2087, 491.111
-12.109, 13.2087, 491.105
-12.109, 13.2087, 491.11
-12.1088, 13.2088, 491.098
-12.1091, 13.2087, 491.111
-12.1089, 13.2087, 491.1
-12.1089, 13.2087, 491.101
-12.1087, 13.2088, 491.091
-12.109, 13.2087, 491.106
-12.1088, 13.2088, 491.094
-12.1088, 13.2088, 491.094
-12.1086, 13.2088, 491.086
-12.1088, 13.2088, 491.098
-12.1087, 13.2088, 491.089
-12.1089, 13.2087, 491.099
-12.1088, 13.2088, 491.093
-12.1087, 13.2088, 491.088
-12.1086, 13.2088, 491.084
-12.1087, 13.2088, 491.089
-12.1085, 13.2089, 491.079
-12.1087, 13.2088, 491.092
-12.1085, 13.2089, 491.076
-12.1086, 13.2088, 491.082
-12.1085, 13.2089, 491.076
-12.1086, 13.2088, 491.083
-12.1084, 13.2089, 491.068
-12.1085, 13.2089, 491.076
-12.1082, 13.209, 491.061
-12.1084, 13.2089, 491.07
-12.1082, 13.209, 491.06
-12.1084, 13.2089, 491.071
-12.1081, 13.209, 491.054
-12.1084, 13.2089, 491.071
-12.1082, 13.209, 491.056
-12.1083, 13.2089, 491.065
-12.1081, 13.209, 491.052
-12.1082, 13.209, 491.061
-12.1155, 13.2063, 491.511
-12.2364, 13.3237, 492.769
-12.4343, 13.6218, 493.716
-13.027, 14.3118, 494.751
-13.5387, 14.9104, 495.711
-14.744, 16.2859, 496.263
-15.5087, 17.1535, 496.531
-17.1088, 18.8417, 496.589
-18.7426, 20.6414, 496.852
-19.9639, 21.9478, 496.981
-21.898, 24.0157, 496.572
-23.3664, 25.5988, 496.289
-25.556, 27.9192, 495.858
-26.8931, 29.2962, 494.964
-29.1591, 31.5401, 493.465
-30.5226, 32.8631, 491.408
-32.6124, 34.8359, 489.282
-33.8889, 36.1561, 487.285
-35.9631, 38.048, 485.107
-38.2557, 39.641, 483.395
-39.6513, 40.905, 481.769
-41.6578, 42.2742, 479.014
-42.9254, 43.1511, 475.488
-44.764, 44.2042, 472.3
-45.8376, 44.9918, 469.595
-47.6169, 45.8098, 467.344
-48.5982, 46.4237, 462.768
-49.6421, 47.0905, 455.926
-50.412, 47.6155, 449.108
-50.7143, 47.9384, 447.655
-51.2215, 48.2375, 448.897
-51.5829, 48.2406, 450.1
-51.8351, 48.2597, 450.547
-52.0766, 48.2657, 450.268
-52.2553, 48.2676, 450.178
-52.402, 48.2664, 450.297
-52.4831, 48.2673, 450.266
-52.5546, 48.2687, 450.196
-52.5842, 48.2678, 450.259
-52.6084, 48.2687, 450.208
-52.8165, 48.2703, 450.148
-53.3258, 48.2714, 450.15
-53.7815, 48.2724, 450.178
-54.6863, 48.2756, 450.135
-55.4086, 48.2775, 450.099
-56.5203, 48.2797, 450.048
-57.2341, 48.3055, 449.938
-57.9381, 48.3896, 448.892
-57.8926, 48.4509, 448.042
-57.8375, 48.4815, 447.744
-57.8873, 48.4809, 447.646
-57.8902, 48.4782, 447.818
-57.8947, 48.4785, 447.786
-57.8945, 48.4788, 447.769
-57.8947, 48.4783, 447.795
-57.8946, 48.4786, 447.778
-57.8946, 48.4786, 447.776
-57.8946, 48.4786, 447.781
-57.8946, 48.4786, 447.78
-57.8946, 48.4785, 447.782
-57.8946, 48.4787, 447.774
-57.8946, 48.4787, 447.771
-57.8946, 48.4787, 447.775
-57.8946, 48.4787, 447.775
-57.8946, 48.4786, 447.776
-57.8946, 48.4787, 447.774
-57.8946, 48.4787, 447.773
-57.8946, 48.4786, 447.776
-57.8946, 48.4787, 447.775
-57.8945, 48.4787, 447.771
-57.8945, 48.4788, 447.766
-57.8945, 48.4788, 447.768
-57.8946, 48.4787, 447.773
-57.8945, 48.4789, 447.762
-56.4172, 47.3724, 447.756
-56.4088, 47.3632, 446.807
-56.2573, 47.4361, 442.954
-56.0022, 47.571, 434.648
-55.7257, 47.6013, 424.954
-55.2534, 47.6099, 414.625
-54.8044, 47.7734, 405.055
-54.0597, 48.2707, 398.611
-53.5704, 48.5899, 395.944
-52.7701, 49.6632, 394.895
-52.2189, 50.4515, 395.077
-51.4775, 51.4293, 396.788
-50.9037, 52.1399, 399.395
-50.1345, 53.1496, 403.353
-49.3127, 54.4235, 406.292
-48.8748, 55.2137, 409.254
-48.0122, 56.1912, 412.538
-47.3919, 56.9633, 415.735
-46.3879, 57.9491, 419.069
-45.7988, 58.6088, 423.348
-44.5038, 59.3997, 427.472
-43.8505, 60.052, 432.154
-42.288, 60.8038, 436.811
-40.4111, 61.533, 440.243
-39.0465, 61.8355, 438.535
-36.665, 62.2121, 438.394
-35.3043, 62.407, 440.626
-32.5348, 62.7636, 443.172
-30.9502, 63.0086, 445.334
-27.8169, 63.3058, 446.788
-25.7627, 63.3668, 448.357
-22.3128, 63.4187, 449.271
-19.9937, 63.5711, 448.478
-16.4624, 63.7813, 448.245
-12.8605, 63.9544, 448.986
-10.3907, 64.0777, 449.358
-6.66524, 64.0926, 449.44
-4.03325, 64.1047, 449.837
0.00784178, 64.1239, 450.146
2.46039, 64.1734, 450.626
6.65467, 64.1467, 451.143
9.1836, 64.0831, 451.521
13.4552, 64.0099, 452.13
17.3749, 63.8191, 453.001
20.0735, 63.7386, 453.906
24.1987, 63.5739, 454.947
26.4173, 63.5379, 457.669
29.5757, 63.1647, 460.837
31.1041, 62.9861, 461.971
32.6472, 62.7683, 463.352
33.2591, 62.6477, 464.497
33.6091, 62.5721, 465.01
33.6678, 62.5595, 464.813
33.6858, 62.5698, 465.432
33.9422, 62.4371, 467.556
34.226, 62.2894, 470.665
34.7676, 61.9886, 475.211
35.134, 61.6924, 481.061
35.6821, 61.2198, 487.619
36, 60.927, 494.659
36.6471, 60.434, 502.002
37.2774, 59.8154, 511.185
37.7358, 59.4631, 518.951
38.3837, 58.7644, 526.723
38.9017, 58.2815, 534.61
39.4287, 57.4252, 542.643
39.9621, 56.8146, 550.615
40.3077, 55.8521, 558.607
40.7363, 54.8617, 567.987
40.8733, 54.171, 575.739
40.6829, 53.2592, 583.591
40.6468, 52.5735, 591.579
40.2129, 51.6044, 599.531
39.8492, 50.7432, 607.305
39.355, 49.9184, 614.851
39.0795, 49.1073, 621.564
38.6688, 48.3273, 626.902
38.6431, 47.9163, 629.897
38.6305, 47.7406, 630.969
41.4149, 45.4369, 630.722
41.424, 45.431, 630.342
41.0728, 45.4442, 630.903
40.5192, 45.4672, 631.622
39.1784, 45.5269, 632.372
38.0163, 45.5866, 632.844
36.3903, 45.6894, 633.608
34.9655, 45.8164, 635.024
33.2075, 46.0164, 636.462
31.1467, 46.2526, 637.18
30.1825, 46.3516, 637.217
30.0298, 46.3965, 635.686
30.0308, 46.5451, 634.381
29.7969, 46.5786, 633.875
29.8001, 46.5787, 633.892
29.8183, 46.5771, 633.869
29.8181, 46.5767, 633.843
29.8179, 46.5764, 633.82
29.8179, 46.5764, 633.819
29.8177, 46.5761, 633.804
29.8177, 46.5761, 633.8
29.8177, 46.576, 633.798
29.8176, 46.5759, 633.786
29.8175, 46.5758, 633.782
29.8174, 46.5757, 633.772
29.8174, 46.5757, 633.772
29.8175, 46.5757, 633.775
29.8174, 46.5756, 633.767
29.8173, 46.5754, 633.755
29.8173, 46.5754, 633.755
29.8172, 46.5753, 633.75
29.8173, 46.5754, 633.752
29.8171, 46.5752, 633.741
29.8171, 46.5752, 633.741
29.8171, 46.5752, 633.739
29.8172, 46.5752, 633.742
29.8171, 46.5752, 633.737
29.8171, 46.5751, 633.733
29.817, 46.575, 633.729
29.8171, 46.5751, 633.735
29.8171, 46.5751, 633.731
29.817, 46.575, 633.726
29.817, 46.575, 633.727
29.817, 46.575, 633.73
29.817, 46.575, 633.725
29.8169, 46.5749, 633.719
29.8169, 46.5748, 633.714
29.8168, 46.5747, 633.706
29.8168, 46.5747, 633.706
29.8168, 46.5746, 633.703
29.8168, 46.5746, 633.7
29.9137, 46.5669, 633.6
30.2498, 46.558, 632.686
30.9996, 46.6335, 631.515
31.5959, 46.6582, 630.658
33.1841, 46.6862, 630.147
34.4476, 46.6349, 629.888
36.2969, 46.6865, 629.636
38.5272, 46.7025, 629.433
39.9789, 46.7166, 629.328
42.2129, 46.743, 629.235
43.8746, 46.7654, 629.104
46.2645, 46.8025, 629.138
47.9542, 46.8517, 629.111
50.4556, 46.8911, 629.085
52.1215, 46.9176, 629.099
54.3467, 46.9523, 629.247
55.5168, 46.9378, 628.808
56.4383, 46.9497, 627.797
57.002, 46.9688, 627.56
56.8719, 46.9371, 627.436
56.8747, 46.9369, 627.411
56.8749, 46.9373, 627.438
56.8783, 46.9379, 627.47
56.8813, 46.9383, 627.486
56.8785, 46.9384, 627.496
56.8784, 46.9383, 627.494
56.8784, 46.9383, 627.491
56.8876, 46.9386, 627.484
56.8971, 46.9399, 627.543
56.9002, 46.94, 627.542
56.9002, 46.94, 627.539
56.9002, 46.94, 627.54
56.9002, 46.94, 627.54
56.9018, 46.94, 627.539
56.9018, 46.9401, 627.541
56.9018, 46.94, 627.539
56.9018, 46.94, 627.54
56.9018, 46.94, 627.54
56.9018, 46.9401, 627.545
56.9018, 46.94, 627.537
56.9018, 46.94, 627.54
56.9018, 46.9401, 627.541
56.9017, 46.94, 627.535
56.9018, 46.94, 627.536
56.9017, 46.94, 627.536
56.9017, 46.9399, 627.533
56.9017, 46.94, 627.534
56.9017, 46.9399, 627.532
56.9017, 46.9398, 627.527
56.9017, 46.9398, 627.524
56.9017, 46.9398, 627.523
56.9016, 46.9397, 627.521
56.9016, 46.9397, 627.514
56.9016, 46.9396, 627.512
56.9016, 46.9397, 627.516
56.9016, 46.9398, 627.522
56.9016, 46.9397, 627.52
56.9016, 46.9397, 627.517
56.9016, 46.9396, 627.513
56.9016, 46.9396, 627.514
56.9016, 46.9396, 627.512
56.477, 46.1031, 627.504
56.4772, 46.1034, 627.528
56.3011, 46.077, 627.838
55.3114, 46.0328, 628.608
54.6576, 46.0288, 629.128
52.9887, 45.994, 629.668
51.039, 45.9519, 630.814
49.5959, 45.91, 631.143
47.1202, 45.871, 631.331
45.2877, 45.8928, 631.412
42.4522, 45.9966, 631.672
40.5081, 46.0642, 632.021
37.3046, 46.107, 632.628
35.4126, 46.2124, 634.117
32.6577, 46.3352, 636.475
31.8573, 46.367, 634.317
31.6763, 46.4206, 629.351
31.2681, 46.4042, 624.676
30.5962, 46.7879, 620.865
30.5679, 46.7962, 618.398
30.3359, 47.1186, 617.162
29.7374, 46.8849, 615.819
29.7027, 46.7673, 615.235
29.6534, 46.746, 616.252
29.6068, 46.7335, 616.18
29.6053, 46.7331, 616.176
29.6052, 46.7327, 616.154
29.6051, 46.7325, 616.144
29.6052, 46.7327, 616.154
29.6051, 46.7323, 616.128
29.6051, 46.7323, 616.132
29.6051, 46.7322, 616.127
29.6051, 46.7322, 616.125
29.605, 46.732, 616.114
29.605, 46.7319, 616.108
29.605, 46.7319, 616.107
29.605, 46.7319, 616.106
29.605, 46.7318, 616.101
29.605, 46.7318, 616.102
29.6049, 46.7317, 616.094
29.6049, 46.7317, 616.093
29.6049, 46.7317, 616.096
29.6049, 46.7317, 616.092
29.6049, 46.7316, 616.088
29.6049, 46.7315, 616.082
29.6048, 46.7314, 616.076
29.6049, 46.7315, 616.083
29.6049, 46.7314, 616.078
29.6048, 46.7314, 616.073
29.6048, 46.7314, 616.073
29.6048, 46.7313, 616.067
29.6048, 46.7312, 616.065
29.6048, 46.7312, 616.062
29.6048, 46.7312, 616.062
29.6048, 46.7311, 616.06
29.6048, 46.7312, 616.062
29.6048, 46.7311, 616.058
29.6048, 46.7311, 616.057
29.6048, 46.7311, 616.059
29.6049, 46.7316, 616.085
29.6049, 46.7317, 616.093
29.605, 46.7318, 616.101
29.6049, 46.7317, 616.096
29.6049, 46.7317, 616.092
29.6049, 46.7316, 616.089
29.6049, 46.7317, 616.091
29.6049, 46.7317, 616.091
29.6049, 46.7316, 616.085
29.6049, 46.7315, 616.083
29.6049, 46.7315, 616.083
29.6049, 46.7316, 616.086
29.6049, 46.7315, 616.082
29.6049, 46.7315, 616.079
29.6049, 46.7316, 616.087
29.6049, 46.7315, 616.08
29.6049, 46.7315, 616.081
29.6049, 46.7315, 616.083
29.6049, 46.7315, 616.08
29.6049, 46.7316, 616.084
29.6049, 46.7315, 616.078
29.6048, 46.7314, 616.074
29.6048, 46.7314, 616.074
29.6048, 46.7314, 616.072
29.6048, 46.7314, 616.075
29.6048, 46.7314, 616.074
29.6048, 46.7313, 616.07
29.6048, 46.7312, 616.064
29.6048, 46.7311, 616.057
29.6048, 46.7311, 616.056
29.6048, 46.7311, 616.058
29.6048, 46.7311, 616.055
29.6048, 46.7311, 616.059
29.6048, 46.7311, 616.058
29.6048, 46.7311, 616.058
29.6048, 46.7311, 616.057
29.6047, 46.731, 616.052
29.6048, 46.7311, 616.057
29.6048, 46.7311, 616.055
29.6048, 46.7311, 616.058
29.6048, 46.7312, 616.061
29.6048, 46.7311, 616.06
29.6048, 46.7311, 616.056
29.6048, 46.731, 616.053
29.6048, 46.731, 616.052
29.6047, 46.731, 616.051
29.6047, 46.731, 616.049
29.6047, 46.7309, 616.048
29.6047, 46.7309, 616.047
29.6048, 46.731, 616.052
29.6048, 46.731, 616.051
29.6047, 46.7309, 616.048
29.6047, 46.7309, 616.046
29.6047, 46.7309, 616.043
29.6047, 46.7309, 616.048
29.6047, 46.7309, 616.047
29.6047, 46.7309, 616.043
29.6047, 46.7307, 616.037
29.6047, 46.7307, 616.034
29.6047, 46.7307, 616.036
29.6047, 46.7307, 616.033
29.6047, 46.7307, 616.033
29.6047, 46.7306, 616.028
29.6047, 46.7306, 616.029
29.6047, 46.7306, 616.027
29.6047, 46.7306, 616.03
29.6047, 46.7306, 616.029
29.6047, 46.7306, 616.027
29.6046, 46.7305, 616.02
29.6046, 46.7305, 616.019
29.6046, 46.7305, 616.021
29.6046, 46.7305, 616.019
29.6046, 46.7304, 616.017
29.6046, 46.7304, 616.014
29.6046, 46.7303, 616.009
29.6046, 46.7303, 616.011
29.6046, 46.7304, 616.013
29.6046, 46.7303, 616.012
29.6046, 46.7303, 616.011
29.6046, 46.7302, 616.005
29.6046, 46.7302, 616.003
29.6045, 46.7302, 616.002
29.6046, 46.7302, 616.004
29.6046, 46.7302, 616.003
29.6045, 46.7302, 616.002
29.6045, 46.7301, 615.998
29.6045, 46.7301, 615.999
29.6045, 46.7301, 615.995
29.6045, 46.7299, 615.988
29.6045, 46.7299, 615.987
29.6045, 46.7299, 615.988
29.6045, 46.7299, 615.985
29.6045, 46.7299, 615.986
29.6045, 46.7298, 615.981
29.6044, 46.7298, 615.977
29.6045, 46.7298, 615.982
29.6045, 46.7298, 615.981
29.6044, 46.7297, 615.975
29.6044, 46.7298, 615.977
29.6044, 46.7297, 615.975
29.6044, 46.7297, 615.973
29.6044, 46.7296, 615.969
29.6044, 46.7296, 615.97
29.6044, 46.7297, 615.973
29.6044, 46.7296, 615.97
29.6044, 46.7296, 615.966
29.6044, 46.7296, 615.966
29.6044, 46.7296, 615.969
29.6044, 46.7296, 615.966
29.6044, 46.7295, 615.959
29.6044, 46.7295, 615.961
29.6044, 46.7295, 615.961
29.6044, 46.7295, 615.96
29.6043, 46.7294, 615.957
29.6043, 46.7294, 615.957
29.6043, 46.7294, 615.956
29.6044, 46.7295, 615.96
29.6044, 46.7295, 615.96
29.6044, 46.7295, 615.962
29.6043, 46.7294, 615.956
29.6043, 46.7293, 615.952
29.6043, 46.7294, 615.956
29.6043, 46.7294, 615.958
29.6043, 46.7294, 615.954
29.6043, 46.7294, 615.956
29.6043, 46.7293, 615.951
29.6043, 46.7292, 615.948
29.6043, 46.7292, 615.945
29.6043, 46.7292, 615.945
29.6043, 46.7292, 615.942
29.6043, 46.7293, 615.948
29.6043, 46.7293, 615.948
29.6043, 46.7293, 615.949
29.6043, 46.7293, 615.952
29.6043, 46.7293, 615.952
29.6043, 46.7293, 615.952
29.6043, 46.7293, 615.95
29.6043, 46.7293, 615.951
29.6043, 46.7292, 615.948
29.6043, 46.7292, 615.947
29.6043, 46.7292, 615.948
29.6043, 46.7293, 615.953
29.6043, 46.7292, 615.947
29.6043, 46.7293, 615.95
29.6043, 46.7293, 615.947
29.6043, 46.7292, 615.944
29.6043, 46.7293, 615.95
29.6043, 46.7292, 615.944
29.6043, 46.7292, 615.945
29.6043, 46.7291, 615.94
29.6043, 46.7291, 615.936
29.6043, 46.7291, 615.936
29.6042, 46.729, 615.935
29.6042, 46.729, 615.935
29.6042, 46.729, 615.93
29.6042, 46.729, 615.932
29.6042, 46.7289, 615.928
29.6042, 46.7289, 615.925
29.6042, 46.7289, 615.929
29.6042, 46.7289, 615.927
29.6042, 46.7288, 615.921
29.6042, 46.7288, 615.919
29.6042, 46.7287, 615.914
29.6042, 46.7287, 615.914
29.6041, 46.7286, 615.911
29.6042, 46.7287, 615.916
29.6041, 46.7286, 615.907
29.6042, 46.7287, 615.913
29.6041, 46.7286, 615.911
29.6041, 46.7286, 615.911
29.6041, 46.7286, 615.911
29.6042, 46.7287, 615.913
29.6041, 46.7286, 615.91
29.6041, 46.7286, 615.911
29.6041, 46.7286, 615.906
29.6041, 46.7286, 615.906
29.6042, 46.7287, 615.914
29.6042, 46.7288, 615.917
29.6042, 46.7288, 615.921
29.6042, 46.7287, 615.916
29.6041, 46.7287, 615.912
29.6042, 46.7287, 615.914
29.6041, 46.7286, 615.908
29.6041, 46.7286, 615.908
29.6041, 46.7285, 615.905
29.6041, 46.7285, 615.904
29.6041, 46.7286, 615.91
29.6041, 46.7287, 615.912
29.6041, 46.7287, 615.912
29.6041, 46.7285, 615.905
29.6041, 46.7286, 615.907
29.6041, 46.7285, 615.904
29.6041, 46.7285, 615.903
29.6041, 46.7284, 615.898
29.6041, 46.7284, 615.897
29.604, 46.7283, 615.888
29.6041, 46.7283, 615.893
29.6041, 46.7283, 615.893
29.6041, 46.7283, 615.892
29.604, 46.7283, 615.889
29.6041, 46.7283, 615.892
29.6041, 46.7283, 615.893
29.6041, 46.7283, 615.89
29.6041, 46.7284, 615.894
29.6041, 46.7283, 615.893
29.604, 46.7283, 615.888
29.604, 46.7282, 615.884
29.604, 46.7282, 615.885
29.604, 46.7282, 615.882
29.604, 46.7281, 615.88
29.604, 46.7282, 615.883
29.6041, 46.7283, 615.891
29.604, 46.7282, 615.885
29.604, 46.7283, 615.889
29.604, 46.7282, 615.885
29.604, 46.7282, 615.885
29.604, 46.7282, 615.883
29.604, 46.7281, 615.882
29.604, 46.7281, 615.882
29.604, 46.7281, 615.878
29.604, 46.7281, 615.877
29.604, 46.7281, 615.879
29.604, 46.728, 615.875
29.604, 46.728, 615.872
29.604, 46.728, 615.873
29.604, 46.7279, 615.87
29.604, 46.728, 615.873
29.6039, 46.7279, 615.868
29.6039, 46.7279, 615.869
29.6039, 46.7279, 615.867
29.6039, 46.7279, 615.866
29.6039, 46.7278, 615.863
29.6039, 46.7277, 615.858
29.6039, 46.7277, 615.857
29.6039, 46.7277, 615.855
29.6039, 46.7276, 615.851
29.6039, 46.7276, 615.851
29.6039, 46.7276, 615.852
29.6039, 46.7277, 615.858
29.6039, 46.7277, 615.857
29.6039, 46.7277, 615.856
29.6039, 46.7277, 615.859
29.6039, 46.7277, 615.858
29.6039, 46.7277, 615.86
29.6039, 46.7278, 615.86
29.6039, 46.7277, 615.857
29.6039, 46.7277, 615.859
29.6039, 46.7277, 615.858
29.6039, 46.7278, 615.86
29.6039, 46.7277, 615.859
29.6039, 46.7277, 615.854
29.6039, 46.7277, 615.855
29.6039, 46.7277, 615.854
29.6039, 46.7276, 615.854
29.6038, 46.7275, 615.844
29.6039, 46.7276, 615.85
29.6039, 46.7276, 615.85
29.6039, 46.7277, 615.856
29.6039, 46.7276, 615.85
29.6039, 46.7277, 615.855
29.6039, 46.7276, 615.849
29.6039, 46.7275, 615.847
29.6039, 46.7275, 615.847
29.6039, 46.7275, 615.845
29.6038, 46.7275, 615.844
29.6039, 46.7275, 615.847
29.6039, 46.7275, 615.847
29.6038, 46.7274, 615.842
29.6038, 46.7274, 615.841
29.6038, 46.7274, 615.84
29.6038, 46.7275, 615.841
29.6038, 46.7274, 615.839
29.6038, 46.7274, 615.841
29.6038, 46.7273, 615.834
29.6038, 46.7274, 615.837
29.6038, 46.7273, 615.835
29.6038, 46.7274, 615.838
29.6038, 46.7274, 615.838
29.6038, 46.7274, 615.837
29.6038, 46.7274, 615.838
29.6038, 46.7273, 615.833
29.6038, 46.7273, 615.834
29.6038, 46.7273, 615.832
29.6038, 46.7273, 615.832
29.6038, 46.7273, 615.833
29.6038, 46.7273, 615.835
29.6038, 46.7274, 615.838
29.6038, 46.7274, 615.837
29.6038, 46.7273, 615.836
29.6038, 46.7273, 615.831
29.6038, 46.7272, 615.829
29.6038, 46.7272, 615.828
29.6038, 46.7271, 615.823
29.6038, 46.7271, 615.821
29.6038, 46.7272, 615.828
29.6038, 46.7272, 615.828
29.6038, 46.7272, 615.826
29.6038, 46.7271, 615.823
29.6038, 46.7271, 615.822
29.6038, 46.7271, 615.822
29.6038, 46.7272, 615.824
29.6038, 46.7271, 615.822
29.6037, 46.727, 615.817
29.6037, 46.727, 615.814
29.6037, 46.727, 615.816
29.6038, 46.7272, 615.824
29.6037, 46.727, 615.816
29.6037, 46.7271, 615.819
29.6037, 46.727, 615.817
29.6037, 46.7271, 615.819
29.6038, 46.7271, 615.821
29.6037, 46.727, 615.815
29.6037, 46.727, 615.816
29.6037, 46.7269, 615.81
29.6037, 46.727, 615.813
29.6037, 46.727, 615.813
29.6037, 46.7271, 615.818
29.6037, 46.7271, 615.82
29.6037, 46.727, 615.813
29.6037, 46.727, 615.816
29.6037, 46.7269, 615.808
29.6037, 46.7268, 615.805
29.6037, 46.7269, 615.809
29.6037, 46.7269, 615.808
29.6037, 46.7269, 615.807
29.6037, 46.7269, 615.806
29.6037, 46.7269, 615.805
29.6037, 46.7268, 615.801
29.6037, 46.7269, 615.805
29.6037, 46.7268, 615.801
29.6037, 46.7267, 615.798
29.6036, 46.7267, 615.793
29.6036, 46.7267, 615.795
29.6036, 46.7266, 615.79
29.6036, 46.7266, 615.788
29.6036, 46.7267, 615.795
29.6036, 46.7266, 615.792
29.6036, 46.7266, 615.79
29.6036, 46.7266, 615.788
29.6036, 46.7266, 615.789
29.6036, 46.7266, 615.791
29.6036, 46.7266, 615.789
29.6036, 46.7265, 615.786
29.6036, 46.7265, 615.787
29.6036, 46.7266, 615.789
29.6036, 46.7266, 615.793
29.6036, 46.7266, 615.788
29.6036, 46.7266, 615.791
29.6036, 46.7265, 615.788
29.6036, 46.7266, 615.791
29.6036, 46.7265, 615.788
29.6036, 46.7266, 615.791
29.6036, 46.7265, 615.786
29.6036, 46.7266, 615.789
29.6036, 46.7266, 615.789
29.6036, 46.7266, 615.792
29.6036, 46.7266, 615.791
29.6036, 46.7266, 615.793
29.6036, 46.7266, 615.79
29.6036, 46.7265, 615.788
29.6036, 46.7264, 615.783
29.6036, 46.7264, 615.781
29.6036, 46.7264, 615.779
29.6036, 46.7264, 615.78
29.6036, 46.7264, 615.778
29.6036, 46.7264, 615.78
29.6036, 46.7264, 615.779
29.6036, 46.7264, 615.779
29.6036, 46.7264, 615.78
29.6036, 46.7264, 615.781
29.6036, 46.7264, 615.781
29.6036, 46.7264, 615.781
29.6036, 46.7264, 615.779
29.6036, 46.7265, 615.786
29.6036, 46.7265, 615.785
29.6036, 46.7264, 615.781
29.6036, 46.7263, 615.777
29.6036, 46.7263, 615.776
29.6036, 46.7263, 615.774
29.6036, 46.7263, 615.773
29.6036, 46.7263, 615.776
29.6035, 46.7262, 615.769
29.6035, 46.7262, 615.769
29.6035, 46.7263, 615.771
29.6035, 46.7262, 615.766
29.6035, 46.7261, 615.763
29.6035, 46.7262, 615.765
29.6035, 46.726, 615.758
29.6035, 46.726, 615.756
29.6035, 46.7259, 615.752
29.6035, 46.7259, 615.75
29.6035, 46.7259, 615.751
29.6035, 46.7259, 615.751
29.6035, 46.7259, 615.75
29.6035, 46.7259, 615.752
29.6035, 46.726, 615.755
29.6035, 46.726, 615.757
29.6035, 46.726, 615.755
29.6035, 46.726, 615.757
29.6035, 46.7259, 615.753
29.6034, 46.7259, 615.748
29.6034, 46.7258, 615.744
29.6034, 46.7258, 615.742
29.6034, 46.7257, 615.741
29.6034, 46.7258, 615.741
29.6034, 46.7258, 615.744
29.6034, 46.7258, 615.746
29.6034, 46.7258, 615.744
29.6034, 46.7258, 615.744
29.6034, 46.7258, 615.741
29.6034, 46.7257, 615.739
29.6034, 46.7257, 615.736
29.6034, 46.7257, 615.739
29.6034, 46.7257, 615.739
29.6034, 46.7257, 615.737
29.6034, 46.7256, 615.734
29.6034, 46.7256, 615.729
29.6034, 46.7256, 615.731
29.6034, 46.7255, 615.725
29.6034, 46.7255, 615.725
29.6034, 46.7255, 615.723
29.6033, 46.7254, 615.723
29.6034, 46.7255, 615.725
29.6034, 46.7255, 615.726
29.6034, 46.7255, 615.724
29.6034, 46.7255, 615.727
29.6034, 46.7255, 615.727
29.6033, 46.7254, 615.722
29.6033, 46.7254, 615.719
29.6034, 46.7255, 615.725
29.6034, 46.7255, 615.724
29.6034, 46.7255, 615.724
29.6034, 46.7255, 615.725
29.6034, 46.7254, 615.721
29.6033, 46.7254, 615.717
29.6033, 46.7253, 615.715
29.6033, 46.7254, 615.717
29.6033, 46.7254, 615.719
29.6033, 46.7254, 615.718
29.6033, 46.7253, 615.715
29.6033, 46.7253, 615.716
29.6033, 46.7254, 615.719
29.6033, 46.7252, 615.71
29.6033, 46.7251, 615.704
29.6033, 46.7251, 615.703
29.6033, 46.725, 615.698
29.6033, 46.7251, 615.7
29.6033, 46.7251, 615.702
29.6033, 46.7251, 615.702
29.6033, 46.7251, 615.702
29.6033, 46.7251, 615.702
29.6033, 46.7252, 615.706
29.6033, 46.7251, 615.703
29.6033, 46.7251, 615.702
29.6033, 46.7252, 615.71
29.6033, 46.7251, 615.705
29.6033, 46.725, 615.698
29.6032, 46.7249, 615.693
29.6032, 46.7249, 615.693
29.6032, 46.7249, 615.692
29.6032, 46.7249, 615.69
29.6032, 46.725, 615.695
29.6032, 46.725, 615.696
29.6032, 46.725, 615.693
29.6032, 46.725, 615.693
29.6033, 46.7251, 615.702
29.6032, 46.725, 615.697
29.6032, 46.725, 615.696
29.6032, 46.725, 615.695
29.6032, 46.725, 615.694
29.6032, 46.7249, 615.69
29.6033, 46.725, 615.697
29.6032, 46.7249, 615.691
29.6032, 46.7249, 615.686
29.6032, 46.7248, 615.685
29.6032, 46.7249, 615.687
29.6032, 46.7248, 615.684
29.6032, 46.7248, 615.684
29.6032, 46.7248, 615.683
29.6032, 46.7248, 615.68
29.6032, 46.7248, 615.681
29.6032, 46.7247, 615.68
29.6032, 46.7247, 615.679
29.6032, 46.7247, 615.677
29.6032, 46.7247, 615.676
29.6032, 46.7247, 615.678
29.6032, 46.7247, 615.675
29.6032, 46.7247, 615.679
29.6032, 46.7246, 615.672
29.6031, 46.7246, 615.67
29.6031, 46.7246, 615.669
29.6031, 46.7245, 615.667
29.6031, 46.7245, 615.664
29.6031, 46.7244, 615.659
29.6031, 46.7244, 615.661
29.6031, 46.7243, 615.654
29.6031, 46.7244, 615.66
29.6031, 46.7244, 615.657
29.6031, 46.7243, 615.652
29.6031, 46.7242, 615.65
29.6031, 46.7243, 615.653
29.6031, 46.7243, 615.651
29.603, 46.7242, 615.646
29.603, 46.7242, 615.644
29.603, 46.7241, 615.64
29.603, 46.7241, 615.643
29.603, 46.7241, 615.638
29.6031, 46.7242, 615.648
29.603, 46.7241, 615.643
29.603, 46.7241, 615.638
29.603, 46.7241, 615.64
29.603, 46.7242, 615.644
29.603, 46.7241, 615.639
29.603, 46.7242, 615.644
29.603, 46.724, 615.634
29.603, 46.724, 615.633
29.603, 46.724, 615.636
29.603, 46.724, 615.634
29.603, 46.724, 615.634
29.603, 46.7239, 615.627
29.603, 46.724, 615.63
29.603, 46.724, 615.63
29.603, 46.724, 615.632
29.603, 46.724, 615.63
29.603, 46.7239, 615.625
29.603, 46.7239, 615.625
29.6029, 46.7238, 615.622
29.6029, 46.7238, 615.62
29.6029, 46.7237, 615.614
29.6029, 46.7237, 615.612
29.6029, 46.7237, 615.614
29.6029, 46.7237, 615.613
29.6029, 46.7237, 615.614
29.6029, 46.7236, 615.611
29.6029, 46.7236, 615.611
29.6029, 46.7235, 615.605
29.6029, 46.7236, 615.611
29.6029, 46.7236, 615.611
29.6029, 46.7236, 615.61
29.6029, 46.7236, 615.609
29.6029, 46.7236, 615.612
29.6029, 46.7237, 615.612
29.6029, 46.7236, 615.608
29.6029, 46.7235, 615.604
29.6029, 46.7235, 615.601
29.6028, 46.7234, 615.598
29.6029, 46.7235, 615.603
29.6028, 46.7234, 615.596
29.6028, 46.7233, 615.591
29.6028, 46.7233, 615.591
29.6028, 46.7233, 615.592
29.6028, 46.7233, 615.594
29.6028, 46.7233, 615.594
29.6029, 46.7235, 615.602
29.6028, 46.7233, 615.592
29.6028, 46.7234, 615.597
29.6029, 46.7235, 615.602
29.6029, 46.7234, 615.597
29.6029, 46.7234, 615.597
29.6028, 46.7233, 615.594
29.6028, 46.7234, 615.594
29.6028, 46.7233, 615.592
29.6028, 46.7234, 615.595
29.6029, 46.7234, 615.596
29.6028, 46.7233, 615.589
29.6028, 46.7233, 615.588
29.6028, 46.7232, 615.585
29.6028, 46.7232, 615.584
29.6028, 46.7233, 615.588
29.6028, 46.7231, 615.581
29.6028, 46.7233, 615.591
29.6031, 46.7244, 615.658
29.61, 46.7052, 615.901
29.6232, 46.6655, 616.312
29.6101, 46.6456, 616.819
29.6201, 46.5397, 617.771
29.5912, 46.3436, 619.703
29.5923, 46.0279, 622.852
29.5404, 45.6364, 627.498
29.5544, 45.4637, 630.345
29.5558, 45.4662, 630.512
29.5554, 45.4656, 630.47
29.5556, 45.4659, 630.489
29.5544, 45.4637, 630.344
29.5536, 45.4621, 630.243
29.5535, 45.462, 630.235
29.5535, 45.4621, 630.238
29.5536, 45.4621, 630.243
29.5535, 45.462, 630.233
29.5536, 45.4621, 630.243
29.5535, 45.462, 630.236
29.5535, 45.462, 630.235
29.5535, 45.4621, 630.238
29.5535, 45.4621, 630.239
29.5534, 45.4619, 630.228
29.5533, 45.4617, 630.214
29.5531, 45.4612, 630.183
29.5519, 45.459, 630.04
29.5515, 45.4584, 629.995
29.5512, 45.4578, 629.958
29.5511, 45.4577, 629.949
29.5505, 45.4564, 629.865
29.5493, 45.4542, 629.718
29.5469, 45.4498, 629.433
29.5457, 45.4475, 629.283
29.5459, 45.4479, 629.305
29.5462, 45.4483, 629.337
29.5462, 45.4484, 629.341
29.5463, 45.4485, 629.349
29.5464, 45.4487, 629.359
29.5466, 45.4492, 629.392
29.5469, 45.4497, 629.424
29.5469, 45.4497, 629.423
29.547, 45.4498, 629.433
29.5469, 45.4497, 629.424
29.5469, 45.4496, 629.422
29.5469, 45.4496, 629.42
29.5468, 45.4496, 629.417
29.5468, 45.4496, 629.419
29.5468, 45.4496, 629.419
29.5468, 45.4495, 629.414
29.5468, 45.4495, 629.413
29.5468, 45.4495, 629.409
29.5468, 45.4495, 629.41
29.5467, 45.4494, 629.404
29.5468, 45.4494, 629.408
29.5467, 45.4494, 629.405
29.5467, 45.4494, 629.405
29.5468, 45.4494, 629.408
29.5467, 45.4494, 629.406
29.5467, 45.4493, 629.401
29.5467, 45.4494, 629.403
29.5467, 45.4493, 629.4
29.5467, 45.4493, 629.401
29.5467, 45.4493, 629.396
29.5466, 45.4492, 629.394
29.5466, 45.4492, 629.39
29.5465, 45.449, 629.381
29.5465, 45.4489, 629.374
29.5465, 45.4489, 629.375
