29.5456, 47.5627, 270
29.5479, 47.5668, 270.269
29.5669, 47.5963, 272.235
29.6575, 47.5804, 274.747
30.3384, 47.3608, 277.73
30.9638, 47.009, 280.461
32.0787, 46.6389, 282.203
33.5677, 46.1181, 283.467
34.6672, 45.8589, 284.248
36.6096, 45.364, 285.258
37.8835, 45.0216, 286.478
39.8106, 44.4733, 287.868
41.1498, 44.0974, 289.435
43.1149, 43.4262, 291.416
44.4173, 43.0018, 293.888
46.2636, 42.3354, 296.398
47.5676, 41.965, 298.708
49.4251, 41.221, 301.485
51.1779, 40.3987, 303.969
52.4116, 39.8423, 306.82
53.9667, 38.8595, 310.728
55.1044, 38.3137, 314.481
56.587, 37.2909, 317.655
57.6138, 36.6151, 320.895
58.9236, 35.5108, 324.971
59.8588, 34.7603, 329.738
60.9618, 33.5939, 334.131
62.0743, 32.224, 338.704
62.7757, 31.2873, 342.971
63.3717, 29.7779, 348.76
63.7962, 28.7251, 353.198
64.1463, 26.9926, 356.413
64.37, 25.8572, 358.56
64.5327, 24.1411, 359.831
64.6085, 22.983, 360.486
64.6175, 21.4183, 359.926
64.6184, 20.2677, 359.584
64.6314, 18.4568, 359.507
64.5512, 16.7342, 359.598
64.5429, 15.5744, 360.855
64.5313, 14.5938, 361.247
64.5216, 14.5311, 360.7
64.5121, 14.5336, 360.073
64.5009, 14.5367, 359.341
64.509, 13.6029, 358.745
64.5164, 13.113, 358.471
64.5468, 12.2554, 359.071
64.636, 12.1791, 360.127
64.5689, 12.0532, 360.52
64.5366, 12.0582, 359.969
64.53, 12.0634, 359.536
64.5482, 9.90875, 359.655
64.5744, 9.98417, 359.827
64.5546, 10.0138, 360.107
64.5175, 9.83621, 360.874
64.4742, 9.49882, 361.898
64.4897, 8.49284, 362.417
64.4296, 7.1475, 361.698
64.376, 6.26095, 361.088
64.3671, 6.13752, 360.637
64.3572, 6.14132, 359.99
64.3736, 5.8008, 359.291
64.3419, 4.51404, 359.195
64.3531, 3.61329, 359.059
64.3717, 2.79745, 359.414
64.3916, 1.78303, 360.542
64.4233, 1.28059, 361.986
64.4036, 1.09077, 362.739
64.3953, 0.890432, 362.856
64.3418, -0.595697, 362.565
64.3331, -0.738206, 362.4
64.2681, -2.27209, 362.551
64.2332, -2.52568, 362.581
64.1796, -3.71022, 362.579
64.0906, -4.796, 363.29
64.1111, -5.88859, 367.62
63.744, -6.82513, 371.866
63.2466, -8.01823, 378.546
62.4923, -9.13327, 386.152
61.8828, -9.70311, 393.509
60.9993, -10.5078, 405.516
60.1869, -11.328, 417.095
59.5415, -11.8998, 428.487
58.8177, -12.2917, 438.781
58.4163, -12.5994, 446.204
58.0512, -13.0144, 450.393
58.1861, -13.3315, 452.098
58.3016, -13.4275, 451.829
58.3425, -13.482, 450.619
58.356, -13.4774, 450.303
56.9405, -29.091, 450.539
56.9381, -29.0925, 450.64
56.7382, -29.1103, 452.114
56.1734, -29.0487, 455.207
55.5658, -28.8946, 459.672
54.4638, -28.5634, 465.248
53.2833, -28.1067, 472.789
52.4353, -27.782, 479.752
51.0597, -27.0629, 487.311
50.1066, -26.51, 495.056
48.6667, -25.4573, 501.521
47.6578, -24.8323, 505.489
46.0983, -23.2199, 507.33
44.968, -22.0301, 507.651
43.3899, -20.0334, 507.356
42.2767, -18.5644, 507.178
40.5928, -16.2205, 507.366
38.9442, -13.729, 507.605
37.8018, -12.0186, 507.669
36.143, -9.3924, 507.843
34.9922, -7.56161, 507.958
33.211, -4.71003, 508.119
32.0614, -2.90627, 508.171
30.2524, 0.0100615, 508.21
29.089, 1.84182, 508.293
27.3038, 4.73384, 508.391
25.5336, 7.61134, 508.445
24.347, 9.58962, 508.415
22.5922, 12.4483, 508.532
21.5056, 14.229, 508.518
20.1455, 16.4005, 508.191
19.4964, 17.4949, 507.904
18.9163, 18.4218, 507.682
18.5351, 19.0255, 507.594
18.2776, 19.4297, 507.654
18.0884, 19.7278, 507.692
18.0742, 19.7699, 506.999
18.1424, 19.7773, 503.04
18.2539, 19.7872, 495.467
18.3708, 19.7759, 484.725
18.452, 19.6693, 471.063
18.5853, 19.6175, 455.024
18.7134, 19.3563, 437.87
18.8477, 19.3769, 420.788
18.9542, 19.1279, 407.826
19.1821, 19.3408, 401.352
19.2308, 19.2446, 401.615
19.2557, 19.2461, 402.758
19.2669, 19.2551, 402.895
19.2688, 19.2578, 402.867
19.2736, 19.2605, 402.976
19.2762, 19.2609, 403.083
19.277, 19.2627, 403.045
19.2817, 19.2657, 403.134
19.2827, 19.2671, 403.115
19.2828, 19.2666, 403.149
19.2193, 19.2287, 403.402
18.8523, 18.8417, 403.328
18.5494, 18.5195, 403.397
17.9105, 17.8433, 403.47
17.587, 17.5376, 403.422
17.0127, 16.9306, 403.374
16.7599, 16.6623, 403.413
16.3743, 16.254, 403.45
16.23, 16.1379, 403.377
16.1699, 16.0745, 403.371
15.9112, 15.8348, 403.443
15.679, 15.66, 403.42
14.8957, 14.8332, 403.309
14.4109, 14.3194, 403.233
13.5219, 13.3751, 403.131
13.1376, 12.9379, 402.631
12.4466, 12.1906, 402.182
12.1125, 11.7906, 401.911
11.9159, 11.6139, 401.611
11.9085, 11.6401, 401.678
11.9389, 11.6751, 401.644
11.9578, 11.6604, 401.639
11.9398, 11.6765, 401.627
11.9398, 11.6766, 401.625
11.9398, 11.6767, 401.617
11.9398, 11.6767, 401.618
11.9618, 11.6652, 401.624
12.0347, 11.7492, 401.542
12.0528, 11.7702, 401.519
12.0816, 11.8013, 401.585
12.0833, 11.8047, 401.518
12.0659, 11.819, 401.617
12.0646, 11.823, 401.376
12.1182, 11.8094, 401.461
12.12, 11.8126, 401.409
12.1021, 11.8282, 401.422
12.1021, 11.8284, 401.413
12.102, 11.8286, 401.401
12.1019, 11.8287, 401.391
12.102, 11.8286, 401.396
12.1019, 11.8287, 401.39
12.1018, 11.829, 401.376
12.1021, 11.8283, 401.42
12.1022, 11.828, 401.433
12.1019, 11.8287, 401.394
12.1018, 11.8291, 401.369
12.1018, 11.8291, 401.369
12.1026, 11.8304, 401.351
12.1027, 11.8302, 401.365
12.1029, 11.8296, 401.405
12.1027, 11.8301, 401.371
12.1027, 11.8302, 401.366
12.1027, 11.8302, 401.367
12.1027, 11.8302, 401.367
12.1028, 11.83, 401.376
12.103, 11.8294, 401.416
12.1029, 11.8296, 401.402
12.103, 11.8294, 401.415
12.1029, 11.8297, 401.393
12.1027, 11.8303, 401.357
12.1028, 11.83, 401.378
12.1027, 11.8302, 401.366
12.1027, 11.8302, 401.364
12.1027, 11.8302, 401.365
12.1027, 11.8302, 401.367
12.1029, 11.8298, 401.392
12.1028, 11.83, 401.376
12.1029, 11.8296, 401.402
12.1027, 11.8302, 401.368
12.1027, 11.8302, 401.368
12.103, 11.8294, 401.411
12.1024, 11.8311, 401.312
12.1027, 11.8302, 401.366
12.1026, 11.8306, 401.342
12.1026, 11.8305, 401.349
12.1026, 11.8304, 401.352
12.1029, 11.8296, 401.398
12.1028, 11.83, 401.376
12.1027, 11.8301, 401.368
12.1027, 11.8301, 401.37
12.1025, 11.8309, 401.324
12.1028, 11.83, 401.375
12.1023, 11.8314, 401.291
12.1026, 11.8305, 401.344
12.1025, 11.8308, 401.326
12.1025, 11.8308, 401.327
12.1025, 11.8307, 401.337
12.103, 11.8295, 401.409
12.1025, 11.8309, 401.321
12.1042, 11.8301, 401.444
12.1035, 11.8321, 401.322
12.1034, 11.8323, 401.308
12.1034, 11.8325, 401.299
12.0856, 11.8476, 401.344
12.0852, 11.8486, 401.281
12.0855, 11.848, 401.32
12.0854, 11.8481, 401.31
12.0854, 11.8482, 401.306
12.0854, 11.8481, 401.311
12.0855, 11.8479, 401.326
12.0857, 11.8474, 401.357
12.0855, 11.848, 401.32
12.0857, 11.8474, 401.355
12.0855, 11.8478, 401.327
12.0854, 11.8481, 401.31
12.1859, 11.9615, 399.893
12.4281, 12.3794, 396.961
12.6437, 12.8004, 392.709
12.9605, 13.5205, 389.569
13.2398, 14.3329, 387.934
13.7766, 15.4532, 386.978
14.1936, 16.3564, 386.416
14.6597, 17.3596, 386.237
15.0086, 18.0729, 386.132
15.3832, 18.844, 385.967
15.5692, 19.2303, 385.878
15.6328, 19.3591, 385.939
15.6402, 19.3791, 385.799
15.6211, 19.4413, 382.958
15.5528, 19.5574, 376.048
15.5613, 19.6397, 366.077
15.5934, 19.7256, 353.939
15.6088, 19.8238, 342.039
15.6242, 19.9071, 333.961
15.622, 19.9268, 332.839
15.6183, 19.9807, 334.184
15.6074, 19.9881, 333.749
15.598, 19.9899, 333.247
15.6007, 19.9898, 333.405
15.5994, 19.9899, 333.327
15.5992, 19.9899, 333.318
15.5992, 19.9899, 333.318
15.599, 19.9899, 333.304
15.599, 19.9899, 333.304
15.5964, 19.9873, 333.073
15.9186, 19.5557, 332.594
16.2296, 19.0097, 332.649
16.8688, 17.825, 332.54
17.3525, 16.8891, 332.138
18.4112, 14.9397, 331.98
19.0792, 13.7357, 331.872
20.3307, 11.3429, 331.918
21.1869, 9.73653, 331.87
22.638, 7.02278, 331.89
23.6337, 5.15729, 331.984
25.2133, 2.24141, 331.948
26.855, -0.84022, 331.985
27.9283, -2.90955, 332.08
29.6895, -6.13244, 332.083
30.7742, -8.22957, 332.107
32.5697, -11.6259, 332.179
33.6465, -13.6668, 332.225
35.4535, -17.0999, 332.26
36.587, -19.2546, 332.266
38.3864, -22.6776, 332.268
40.1374, -26.0064, 332.256
41.3159, -28.247, 332.322
43.062, -31.5788, 332.374
44.2619, -33.7678, 332.37
45.7518, -36.6092, 331.933
46.5706, -38.1439, 331.553
47.3591, -39.6496, 331.352
47.7321, -40.284, 331.255
47.9776, -40.7342, 331.133
48.0361, -40.8416, 331.086
48.0138, -40.9038, 330.983
48.1056, -41.1167, 329.232
48.2769, -41.3574, 325.479
48.7572, -41.9368, 319.715
49.2418, -42.3301, 312.071
50.1483, -43.0497, 302.793
50.7201, -43.3837, 293.205
51.6348, -43.901, 284.008
52.0288, -44.3792, 276.336
52.4561, -44.8927, 271.884
52.3627, -45.2379, 269.68
52.2708, -45.3694, 269.001
52.1438, -45.3741, 268.856
52.1427, -45.346, 269.126
52.1414, -45.3456, 269.152
52.1401, -45.3452, 269.183
52.166, -45.3425, 269.337
52.3992, -45.3642, 269.315
53.0356, -45.3323, 269.336
53.5554, -45.3267, 269.301
54.5488, -45.4105, 269.293
55.6703, -45.4208, 269.281
56.4908, -45.4106, 269.268
57.6536, -45.3726, 269.152
57.6862, -45.3687, 269.376
57.8383, -45.3692, 269.218
57.7113, -45.4192, 269.196
57.8111, -45.4426, 269.142
57.8109, -45.4429, 269.123
57.811, -45.4427, 269.135
57.8109, -45.4429, 269.128
57.8108, -45.4431, 269.114
57.8108, -45.4431, 269.109
57.8108, -45.4431, 269.114
57.8109, -45.4429, 269.122
57.8109, -45.443, 269.12
57.8109, -45.443, 269.118
57.8109, -45.443, 269.119
57.8109, -45.443, 269.121
57.8109, -45.443, 269.121
57.8109, -45.443, 269.12
57.8108, -45.443, 269.118
57.8109, -45.443, 269.119
57.8109, -45.443, 269.12
57.8108, -45.443, 269.117
57.8108, -45.443, 269.117
57.8109, -45.443, 269.121
57.8109, -45.443, 269.121
57.8108, -45.4431, 269.114
57.8108, -45.4431, 269.113
57.8108, -45.4431, 269.108
57.8108, -45.4431, 269.109
57.8107, -45.4432, 269.104
57.8107, -45.4432, 269.104
57.8107, -45.4433, 269.098
57.8107, -45.4432, 269.103
57.8108, -45.4432, 269.107
57.8107, -45.4432, 269.102
57.8107, -45.4433, 269.101
57.8137, -45.4432, 269.102
57.8136, -45.4432, 269.098
57.8106, -45.4433, 269.095
57.8107, -45.4433, 269.096
57.8106, -45.4434, 269.093
57.8106, -45.4434, 269.09
57.8106, -45.4434, 269.09
57.8106, -45.4434, 269.089
57.8106, -45.4435, 269.085
57.8106, -45.4435, 269.084
57.8135, -45.4435, 269.081
57.8105, -45.4436, 269.08
57.8104, -45.4437, 269.071
57.8105, -45.4437, 269.072
57.8104, -45.4438, 269.066
57.8104, -45.4438, 269.062
57.8104, -45.4438, 269.063
57.8104, -45.4438, 269.065
